1899 9278
1191 100
1491 1889
1214 8
390 684
1347 1214
212 655
1291 349
1281 985
994 158
1176 745
1431 474
798 972
1102 1801
372 665
953 1337
1296 631
698 1834
1445 1513
155 514
1635 1627
731 1066
1633 216
39 1052
969 79
319 976
182 1347
1893 1555
484 1264
1087 1364
1646 1188
1142 523
1796 1058
1165 89
1283 907
188 413
1515 1579
677 1175
1513 1478
1057 1126
1501 586
939 56
347 338
946 424
463 1154
793 1173
636 1267
1841 1387
110 1832
1863 1179
984 778
1310 953
191 1713
792 738
907 1193
1802 424
1819 1751
1045 980
1883 565
1238 425
1417 1799
880 95
1276 210
1879 1405
1330 1166
178 1154
462 515
963 522
886 2
1312 1412
1602 1863
522 325
302 741
1450 1763
727 359
1389 627
515 1856
1581 1185
945 406
1574 777
1486 401
909 1850
634 1778
1444 162
1555 1142
1048 252
589 1306
296 1892
1764 473
691 480
1384 868
1855 1314
331 118
1364 1446
349 201
593 975
999 1579
606 1057
1467 1733
1484 245
10 1448
1592 1218
135 1785
1179 323
1630 1379
680 1382
1513 299
164 169
1297 778
1585 539
249 121
292 1245
72 1735
1793 516
1881 1138
1562 351
741 223
815 1748
1783 72
803 956
836 291
1847 691
585 1051
1239 1815
366 1699
817 954
1760 1204
802 274
1339 1881
833 277
602 1352
1344 1470
119 387
870 1426
11 1589
610 338
839 1462
1729 311
801 701
156 917
895 146
1729 784
1698 77
210 642
612 292
254 1043
1726 1317
223 1746
1412 49
1219 1019
1502 1056
287 1458
1028 1784
1408 36
820 50
310 35
910 205
1687 1171
1823 1467
18 727
1523 1572
1710 305
1861 1709
239 534
503 300
1780 1709
1155 1366
344 601
714 1569
1329 1757
1571 1220
85 1665
475 997
1166 1506
171 612
1622 1498
196 313
1583 1377
907 693
139 1531
1494 374
1518 1788
594 1816
479 1350
433 1446
1670 537
1126 1073
961 1530
898 57
260 531
810 1510
1569 898
147 1763
1888 246
18 1292
766 1662
1280 628
1324 1135
162 616
1448 198
1451 1517
499 117
953 1696
1601 781
387 976
609 1321
250 521
678 47
1208 878
681 1227
1869 1389
814 1645
1331 1563
187 326
502 396
1123 623
1082 1792
52 198
813 1082
672 1309
692 973
1189 989
1852 1124
1184 383
382 73
1375 344
1551 2
1776 381
40 692
820 989
1220 1216
234 1094
278 726
915 1034
649 1618
1834 1642
689 883
319 1807
712 628
1719 1508
1342 622
1850 1802
252 373
1095 1748
938 1550
1744 1273
202 675
631 1435
180 298
1711 1082
1490 806
1284 883
138 1740
1152 796
990 655
108 175
549 1171
1006 1378
1054 675
78 1393
392 911
744 86
506 716
743 865
1889 1826
835 1338
155 967
1605 1677
595 1690
702 1368
390 396
28 746
317 1067
569 1801
902 1009
430 841
732 199
513 911
207 1866
752 796
1509 516
337 784
1608 996
1312 1537
347 1642
1524 527
26 640
840 570
1335 690
1889 1479
1343 1031
1111 975
101 1861
1008 1340
1289 1659
786 1266
1675 1253
1129 1479
291 1675
350 1638
1560 532
1103 823
1118 1209
1804 1750
1351 682
1727 617
34 1215
1041 1502
1453 78
897 74
1179 1065
1688 1879
1430 779
1426 990
116 552
647 87
542 211
493 1224
453 859
1592 1459
1227 1498
1029 1199
1046 897
1096 847
24 687
205 784
1881 1738
1244 278
191 979
1119 316
774 30
1832 1568
1087 243
239 1543
103 724
176 201
1186 1084
658 1364
321 294
330 362
1373 866
1580 1863
1874 484
113 279
1608 1136
845 437
1698 1816
235 1557
6 257
1605 110
1300 253
130 1652
593 1268
1168 920
1120 921
612 1246
609 1588
1650 204
39 1177
1116 606
39 102
91 1379
715 1748
590 1791
968 493
1812 1496
218 314
1371 413
977 1288
1189 587
39 431
1830 68
631 858
280 1693
1558 1641
200 1
330 129
898 58
380 570
1883 1085
1728 459
1416 1132
1815 359
240 270
1184 372
230 434
950 124
406 890
710 1460
1002 601
1087 1134
1788 360
795 297
1406 1875
959 1878
1184 33
644 249
845 776
116 1547
213 717
1455 1229
953 1096
1448 1127
360 439
1823 1096
895 533
691 1253
266 954
879 1290
1212 1826
995 1047
1008 1748
1219 1099
52 1473
18 841
39 1728
1597 1050
916 1379
1278 1385
885 1866
1329 1866
530 1795
1688 569
1267 1466
514 203
1220 1679
561 843
866 23
1789 53
345 855
1584 493
1047 1689
235 1347
1760 579
1244 51
1642 1556
132 287
1618 160
47 1125
556 1323
47 18
339 1230
325 1850
972 1750
1375 1130
1767 1067
1373 27
938 1386
264 1610
474 611
1765 1358
1891 278
748 291
925 467
810 982
48 1348
306 1051
545 1029
324 1248
1365 1447
437 1774
1243 344
1818 1085
1796 747
1542 280
86 1430
1130 1597
416 384
1099 1426
329 654
1886 902
391 769
1423 199
185 68
1166 274
957 1125
646 1471
1233 518
1299 725
146 1735
730 995
699 1453
415 1470
454 1260
67 1718
206 1261
561 450
1054 1017
986 849
59 1612
1371 1347
865 1766
691 884
597 436
290 1285
963 1325
849 299
708 1292
856 1522
616 341
52 70
1202 1131
197 1506
1455 901
465 1649
266 1339
24 946
1183 1494
1887 215
1472 1236
94 1223
938 1757
1475 298
123 872
902 969
1506 1441
93 655
194 1542
64 1143
160 68
1653 1662
1691 1789
1232 197
329 1777
289 1282
1395 865
662 1477
1579 588
772 461
1106 1459
946 1487
1183 452
1018 957
1386 898
733 1687
79 1030
840 1267
762 360
265 1096
189 531
437 756
1602 485
73 70
451 136
1889 412
747 790
1390 11
1683 20
473 382
368 1159
1353 1384
938 1102
1080 885
1450 250
1560 1
1717 367
308 635
596 1882
449 1887
1852 1497
1306 1799
742 1691
1105 167
512 1468
623 1455
1735 671
390 155
229 1435
1784 251
1891 538
765 702
1289 352
1345 1788
1353 441
1315 740
1310 426
761 989
19 1473
681 361
1747 1677
1623 114
259 798
914 938
1141 1619
1038 994
1222 1563
1250 192
844 457
1225 1641
1296 497
901 294
577 32
1434 1001
91 1429
1511 1338
227 660
1152 158
336 308
1062 198
1567 889
1030 36
1194 949
1528 1233
231 853
1512 845
131 689
1188 441
142 1245
1109 1178
1538 624
1174 1449
1725 229
63 34
951 620
1392 1678
87 120
1027 1237
1730 174
1315 555
1628 1427
19 1891
968 1289
948 919
116 654
1650 1796
1412 869
1055 146
317 1181
631 869
1093 681
654 1555
1126 1381
1185 1415
1145 1748
1833 649
1007 1847
94 153
351 765
1633 1021
1720 1151
1311 180
1389 1853
1294 1031
669 388
383 1465
795 633
1583 851
1289 1351
406 1451
1881 461
979 1250
1855 1273
174 1394
1062 772
1228 393
1087 704
1357 1804
445 130
1768 1587
1828 1132
1628 1434
984 188
1677 1650
1874 1574
1826 448
104 86
386 1632
263 1819
1863 992
1769 36
749 1387
1784 370
1442 1857
186 1893
810 413
639 537
1144 1209
134 230
1368 384
1275 1286
303 403
1269 494
1479 710
203 1470
663 310
348 1564
716 47
382 1739
1137 1299
593 1218
1638 36
1361 902
297 1380
1789 726
365 1075
1228 116
1850 1056
1489 1797
503 1183
376 1654
1364 1138
1761 1754
675 632
1653 511
1000 454
552 1259
1509 400
1330 1576
1148 588
1655 1592
1329 519
245 1892
1465 687
820 220
1242 1569
1218 652
1749 955
226 1683
959 131
1563 1142
716 410
1019 309
905 1706
1355 807
1442 681
1761 365
1434 1681
389 340
1282 878
250 1672
816 479
242 45
1191 595
180 1103
1896 1235
90 1792
973 552
902 154
563 828
74 454
1843 1558
1086 359
885 1868
907 1366
1657 570
960 433
1617 1587
709 257
1314 454
83 1765
264 1725
1364 1379
1179 1059
1009 1585
414 54
45 198
589 428
994 1666
956 1490
302 1603
1372 1153
30 280
1477 133
1229 1678
270 1478
1854 830
1216 1151
712 591
1815 824
15 140
1854 1823
63 851
98 1038
421 16
717 742
78 1601
305 1408
1652 378
1463 678
82 1369
413 689
78 1572
58 707
776 211
1844 382
1005 531
410 289
966 1691
756 1755
1759 924
997 915
1616 835
857 648
866 1545
575 88
1855 1678
1762 806
709 1815
666 617
1767 641
357 870
1066 384
598 333
81 1045
1016 43
826 1628
718 1316
364 559
681 979
1734 1531
1513 87
101 1806
1323 394
992 1886
1044 1534
1491 265
1255 1454
229 1309
403 799
109 1733
1427 1227
8 1172
5 679
806 37
531 665
1741 1292
1209 170
786 349
825 1760
1240 1679
1273 937
499 1651
810 1465
54 674
432 94
1771 1040
68 1607
1375 1307
1168 650
1727 190
31 824
141 1779
1180 142
849 1750
634 877
1681 1780
858 1503
1010 1806
983 1558
1397 1727
315 1538
966 1745
307 14
1241 1852
98 124
1806 813
895 815
1554 530
608 11
342 1292
1233 304
1560 1559
493 1809
1112 1443
1804 386
194 1737
1540 178
1405 816
1527 248
1749 112
429 389
1841 1418
189 479
584 246
812 699
1691 464
760 1137
918 1634
1336 794
405 1216
667 1488
1216 1183
139 1062
113 398
940 173
784 530
1697 470
550 554
149 1563
23 1420
8 1226
1887 552
1574 1258
1611 1648
1645 580
291 289
1475 658
1479 1584
925 808
91 1777
1363 1162
1567 559
317 1264
1322 814
1447 96
806 1718
841 1672
308 77
952 349
835 429
92 944
480 1663
253 34
1858 850
1585 1867
389 804
660 1883
705 1099
1006 1033
1448 905
804 1164
1252 142
1324 527
729 1897
151 1111
1444 1029
1151 1264
462 411
212 510
1094 818
991 1354
1605 1004
450 230
664 599
314 1590
117 841
1727 848
507 1395
486 1328
1643 1293
1864 300
1140 911
85 1348
1435 321
1476 760
84 1470
1537 1082
1406 1330
868 333
1281 1122
327 33
78 783
822 216
1870 531
407 1528
1854 1704
1602 977
1644 1415
1624 98
966 1877
1295 30
1834 8
1540 815
147 1447
302 923
1125 220
1375 163
830 277
1115 1542
81 187
1332 998
36 1734
1368 1778
717 1746
346 182
1602 1473
677 836
31 1011
631 1268
88 290
1677 146
568 1737
129 911
900 104
1545 1526
679 1161
369 764
1125 1122
1718 1265
1566 1767
1685 717
1888 1206
1292 823
102 1807
420 1842
1265 44
1580 1329
997 1512
121 409
1807 1094
1556 782
282 1373
665 1349
1775 966
903 928
1852 1637
300 77
729 1255
877 401
1742 616
636 1541
1249 1330
1713 1576
1495 1441
1445 1704
173 994
455 915
1712 130
216 1087
211 1807
858 1391
972 969
1629 1152
1349 541
52 130
311 1351
1426 68
1322 361
323 204
1873 644
582 1227
1642 830
1517 139
460 1423
967 105
481 1089
42 470
1115 1869
1213 1105
965 332
1068 644
1274 1147
304 231
1877 130
108 428
1304 189
9 141
480 946
1280 1418
1721 585
224 1066
64 455
321 330
1696 250
1439 1803
690 1880
65 777
1487 263
1140 1740
804 1597
1020 283
1610 1363
589 1435
663 1311
67 406
832 556
1428 790
1659 1355
1616 22
194 1546
1889 377
726 1044
142 796
472 887
1135 789
1710 583
1749 433
1248 69
1495 784
1892 45
1598 1080
1229 1821
1712 1409
1071 1026
504 826
793 118
1702 1856
85 243
420 1639
1829 1857
766 142
1890 749
1692 239
1034 1473
928 315
686 594
1279 846
169 711
1448 1807
1649 475
1248 1166
295 1258
1791 853
1768 193
848 520
1345 1719
116 229
116 1876
869 649
1852 1636
1092 682
1675 596
78 1486
733 681
1207 548
1201 52
326 324
116 1791
1867 1897
546 1268
116 31
1516 784
116 1179
116 932
527 66
913 1729
1623 1018
738 593
1822 1509
465 146
1262 212
606 214
321 1444
1542 1098
1188 1026
320 250
559 1667
509 224
44 659
666 1319
1094 854
526 591
622 18
1378 1314
1108 517
31 70
1478 534
267 225
576 1030
537 668
1876 461
198 1029
1829 664
236 1002
1521 1130
685 671
1666 937
864 367
326 1037
1574 260
1380 18
869 1256
62 664
1450 1513
1634 1632
1234 1724
1000 1280
976 9
752 1036
217 82
1729 1758
1072 1534
341 884
70 171
778 1271
1013 1812
524 401
672 1681
1727 575
957 1474
1441 1710
1050 130
101 207
1380 1183
1259 858
1456 25
564 773
1003 927
145 929
1151 628
1126 1336
1202 481
766 761
436 1587
858 1851
1427 306
827 288
582 759
157 1427
824 755
34 1232
1695 1207
1326 1189
1514 1645
81 1011
699 12
1675 1125
623 1391
550 512
1488 1570
1719 797
45 472
1129 1454
1883 1510
344 872
1610 925
1275 1157
1803 462
154 993
347 343
1827 1391
300 1478
5 354
1000 481
1643 1285
828 1051
1849 609
398 587
1165 237
1071 1187
224 1026
88 475
1310 1277
254 698
271 858
756 839
1542 1021
303 1207
1054 766
1416 876
450 406
1219 344
605 1550
350 1303
915 252
266 1267
1848 540
428 375
1836 1031
906 1642
1536 654
977 1094
1398 415
1848 1615
450 181
976 651
350 1830
510 1757
1245 247
1670 1427
1766 1383
897 173
1716 1670
242 81
156 715
14 1784
1781 421
941 1895
567 251
1141 172
1155 309
604 813
1087 677
1449 464
1886 1811
1882 569
940 379
1154 1829
1834 1509
991 592
758 180
80 1836
1318 981
133 1682
977 638
923 1046
1722 43
729 1217
1414 1352
741 692
133 1747
981 1693
1090 488
83 447
304 1583
768 173
1234 731
1666 1416
1394 1474
982 1052
533 1216
395 351
1478 1508
62 1894
4 1435
27 679
1732 796
1026 1851
1819 684
1620 1358
1346 780
112 1205
235 128
1859 1116
1107 863
1885 28
915 644
392 1061
1867 252
1532 1261
1279 123
681 689
1173 819
1478 1674
1261 358
1838 873
91 829
1534 235
821 1316
59 1334
482 974
244 1849
1392 1708
1138 1204
1254 1341
1226 956
972 270
917 1820
720 124
1035 673
1231 316
1592 205
1791 1056
333 120
953 764
436 852
1510 57
1282 1195
1488 177
986 736
8 1140
669 978
1169 1723
1238 1793
420 1585
43 1002
1137 138
1704 1480
1878 91
1493 521
651 695
451 1897
141 708
467 459
60 819
1360 1460
1794 917
104 752
875 1495
1864 1737
1700 1871
1428 301
570 998
1099 1447
160 680
1717 183
1764 1125
1559 578
1149 132
1641 657
94 1787
1602 1682
1888 413
466 179
193 1460
532 476
1873 1378
1811 1658
1509 534
538 741
680 230
966 147
1228 1601
540 364
1387 643
1238 379
1704 1749
495 506
1032 964
1795 59
1505 1548
49 1172
1113 690
319 1247
1041 586
328 1348
310 1723
1268 1874
178 1259
1538 1873
766 1190
588 321
1565 611
1255 1812
1622 203
1506 1186
1721 644
511 1548
1482 584
1302 1113
247 1186
1385 791
488 117
714 750
1460 774
645 367
848 93
420 573
1355 868
181 1130
1165 1639
1798 1463
1460 744
1689 1470
690 1799
108 1182
1288 271
1150 349
1098 1062
1241 269
1879 1276
379 1742
1722 859
350 1001
1643 229
1643 1205
255 918
538 48
742 1770
352 679
1853 222
1584 1183
1506 1005
148 1597
654 346
781 1363
1742 16
57 1031
534 324
173 1327
1864 398
794 946
413 1874
996 244
1341 1203
1889 42
1419 1673
917 1663
862 332
1201 1087
821 1309
1085 1679
846 908
1459 760
1646 1394
1833 895
1818 634
16 818
1627 723
1084 1128
1661 39
852 194
1249 13
688 1330
1590 712
155 138
859 1197
471 1467
3 861
952 1447
804 74
1004 389
1474 265
1559 967
1873 1256
523 894
798 100
1049 109
1285 1294
775 1513
746 1181
25 1146
1840 792
1710 819
1523 10
407 759
179 230
1504 1009
1197 1193
157 856
1311 1774
146 1510
981 1205
908 1057
601 209
1287 1530
1855 115
875 938
1550 325
1891 258
1780 1528
1589 177
229 664
158 1379
986 950
1052 294
971 1160
985 1892
177 1303
424 1719
846 1170
1043 676
368 471
9 1544
1835 975
344 423
1107 1387
1492 170
507 202
1775 781
510 1621
33 1511
905 1276
1252 857
1865 374
620 1247
469 867
269 1792
104 1744
877 491
369 448
1711 1599
1489 1500
1244 1609
1507 1338
941 1379
1148 808
446 1398
1761 1593
1105 359
673 939
975 1391
787 1449
1184 298
765 1350
764 1084
209 1525
861 556
1625 1185
1558 674
1672 580
592 1184
1252 1235
147 827
384 1424
726 1578
1125 309
1109 1099
260 1479
1004 514
1659 869
603 559
689 292
573 126
1842 515
1392 1723
1071 1789
887 1056
314 1592
1023 279
705 1776
1234 1201
483 1578
1184 1886
813 1788
458 1587
664 1741
572 292
1123 1093
895 1268
1877 781
770 357
1707 692
1412 1643
1242 175
574 688
67 663
1447 1655
1681 747
382 1715
1333 1685
1649 32
75 462
337 1679
9 1665
1041 888
432 796
470 998
1002 1312
850 240
175 624
1160 293
1313 559
65 1889
369 405
26 1012
1361 232
834 599
644 408
865 284
705 1612
733 996
251 776
1753 1584
1420 1646
275 1569
1641 1392
746 1824
535 592
1829 1009
728 1565
148 1518
1633 3
453 40
1397 1772
1831 412
1405 453
1211 1015
1564 641
1274 47
78 27
823 473
138 1715
1376 1244
1659 1854
1658 1599
207 1128
1264 1082
175 475
601 767
447 192
938 815
1442 977
41 802
175 1347
90 1503
1421 1413
1089 658
1390 964
1163 662
793 453
1421 1601
1121 803
1339 1770
1098 1896
1254 1303
246 1068
97 570
1544 1065
1404 1727
106 849
1845 73
1805 1733
1539 1266
978 1042
1198 1765
91 1692
52 1214
303 1020
179 1789
1601 1689
406 1634
1281 736
1833 1622
1319 1211
1742 444
1230 1111
1720 938
1102 460
876 625
793 1268
691 1381
932 1578
10 1663
1249 519
461 1682
1335 469
1759 31
1484 1361
491 58
1649 46
759 175
1130 1016
331 1644
1836 59
596 1065
1592 641
353 1862
387 794
1232 785
315 387
805 126
1601 381
378 1104
851 917
706 1511
27 1206
21 1852
706 544
641 561
107 1417
654 895
234 1575
817 1391
142 17
954 1867
96 1610
448 966
24 1072
793 1231
1208 364
937 415
89 442
650 1656
915 52
3 746
295 809
1409 1291
354 1533
1399 649
1033 397
29 369
37 780
846 319
1712 1603
41 870
820 1157
1665 452
1017 914
525 1366
825 629
1417 366
796 527
1199 190
1656 1450
1476 96
170 325
1636 1015
1846 565
1130 1365
1773 1211
804 926
1689 813
326 723
968 1268
1878 1678
1319 142
618 1791
1596 271
146 1490
1250 1677
672 1635
1622 1042
248 846
1730 1307
1690 1868
463 89
587 1088
1824 323
427 1260
148 273
1726 869
463 1617
1418 127
773 199
1427 967
1399 685
1324 1171
1458 1063
281 623
1324 381
278 1075
1684 962
1157 1129
1381 1380
1746 1384
1116 468
1160 1203
1077 687
1279 1262
1638 1693
9 279
229 1883
1796 1884
1737 750
482 424
213 246
1586 30
1368 1573
631 842
679 1876
735 1250
570 266
183 274
1404 610
1206 82
488 519
1882 148
1607 421
420 1396
870 1735
862 32
382 1633
642 1178
1381 32
1115 196
1859 1676
947 1701
686 1522
128 1050
1634 1659
779 470
1074 553
656 573
290 1080
622 138
1488 1227
1268 493
1435 1133
1170 968
983 1276
609 252
433 115
843 507
1794 1575
1547 616
1259 1655
540 663
400 1237
952 1446
1693 1152
1219 997
1273 333
1609 1000
190 174
1063 262
723 1121
1585 1207
1398 1369
843 866
1293 1082
1470 393
56 408
1865 1736
1078 425
670 634
1805 1282
1378 882
370 1527
621 1293
1626 1668
199 1408
402 382
72 860
483 871
85 1223
1673 690
199 1478
634 162
199 673
1156 981
475 472
975 1494
1378 1421
152 683
534 1270
301 1089
1083 1326
802 615
259 539
1806 650
702 128
1387 1156
944 1882
939 661
1184 56
169 1876
1713 566
245 1732
675 186
1722 697
1616 1107
257 734
1896 63
301 254
760 1632
88 228
548 364
1843 1011
122 410
984 341
1476 1853
1088 1155
1094 350
791 1858
757 780
605 1572
1419 621
1679 1314
1002 1384
1094 865
578 493
1748 1010
1191 116
1332 1004
62 655
1340 960
932 539
680 179
1150 960
1112 100
885 18
1476 1167
966 420
79 654
601 518
385 885
342 206
950 1158
116 1326
920 1720
593 1008
1245 1178
895 329
1171 897
1527 1487
1555 1420
419 1523
838 129
108 313
703 1684
162 1690
1008 712
325 812
866 612
523 1132
1357 805
1831 555
1452 796
1049 1550
506 149
1244 1714
1134 741
573 1001
1004 201
809 1295
110 1569
214 1372
1336 774
1466 1063
1583 370
1496 1023
1643 1176
762 2
458 1613
1001 552
1700 1124
1204 1591
442 1569
1283 1534
898 973
1338 365
807 1113
1394 239
1353 1007
1471 1464
73 722
1515 1433
613 1657
1099 1841
1228 138
61 19
818 27
101 358
1016 1880
765 1328
817 809
1756 242
1581 1288
875 104
116 858
1424 1404
1884 1827
822 265
1088 1269
1443 631
365 1670
745 675
1499 1432
1690 1119
53 761
372 1538
211 495
448 1446
1421 941
932 962
392 1772
1245 1200
1772 304
633 738
435 973
572 237
1324 1447
729 440
631 190
1854 665
1558 1305
1612 113
657 1112
1692 1486
916 184
10 234
1452 287
780 31
1592 1634
1082 1116
126 1425
1392 1017
1649 817
882 1613
1419 1074
421 969
1568 1559
258 273
432 1397
384 466
1521 257
304 1870
1263 164
590 322
711 41
1838 102
1639 1055
1377 1649
5 1199
529 331
1680 478
29 250
896 1575
1502 1312
199 1424
1324 543
289 883
1877 961
501 60
1084 1214
893 989
592 1009
1895 1849
791 308
1527 1555
1200 564
1641 1661
690 331
228 1250
1223 1392
813 1815
521 1086
624 1635
63 1885
1874 992
421 1421
684 640
698 361
150 1675
684 1031
1451 1293
337 488
1030 1125
80 1539
1153 1509
1787 269
136 52
104 1018
540 1532
1634 1183
1878 1107
1032 583
526 952
634 505
1096 244
191 899
1094 1273
1236 1587
1060 1405
76 1058
1589 1233
1086 1507
770 866
1576 609
1671 1178
1869 809
83 1143
1434 1742
1283 779
1531 792
1614 106
1099 93
791 726
9 1737
1372 1751
338 1120
477 607
1146 812
647 114
1631 1007
749 963
999 1124
1690 1277
785 1508
163 1485
523 408
1843 656
928 157
1056 1347
1609 1688
1612 1457
744 1384
418 865
858 768
1133 437
740 1041
1703 602
136 436
1448 3
1520 856
1357 1474
464 1830
1167 1288
968 509
500 1087
1031 1888
1624 684
790 309
753 875
1126 212
1809 190
720 144
1736 1856
1126 301
1021 1023
1045 221
459 683
236 1432
591 161
1852 1585
41 1575
1486 926
490 1556
488 975
190 1150
1785 949
765 1001
1210 399
1757 1322
1525 1312
1454 1537
1456 278
319 734
800 74
1423 138
1048 686
1058 1222
264 1123
1115 959
1176 405
1458 1783
994 239
1031 1178
741 1714
626 188
276 956
255 598
845 1811
90 546
1000 1455
130 173
1569 277
940 880
1619 911
227 1359
771 1401
648 254
1360 1849
875 150
1339 1027
315 1391
897 1413
1460 1427
1793 272
1416 1252
64 1279
689 1115
634 264
962 883
615 1673
1772 1655
1110 663
299 609
443 290
815 475
130 71
610 1344
1878 1265
657 1181
718 523
1695 354
1583 231
1116 1494
1601 818
1129 1780
836 445
548 1099
1725 729
716 67
722 1582
1429 999
1585 267
1292 375
1631 764
1055 1612
1226 1155
751 1712
242 1385
861 1857
215 1195
37 597
903 1457
1138 1552
273 1181
1178 1362
1685 1883
1717 1784
1150 1478
1604 490
1437 1265
1098 1447
1683 1205
1641 911
1639 765
1344 949
1133 1634
1856 775
1466 1010
1087 1894
365 565
1525 291
495 11
885 1134
1419 321
712 1084
293 1459
1647 1120
1022 1305
1170 422
613 1284
1329 649
315 60
1783 1781
819 1571
815 1493
34 1691
638 324
367 1587
1462 559
341 956
1231 1527
56 503
148 561
1613 591
181 1511
654 1329
1468 222
1312 1321
570 245
10 519
1233 552
1819 36
1592 1010
803 778
621 56
788 1471
1285 253
1134 451
323 971
254 717
521 1434
603 1644
334 1891
1118 268
254 1883
944 821
809 1031
1293 783
370 578
965 1657
377 542
576 56
1817 709
1107 1382
1500 819
966 1436
283 348
984 1758
897 1369
96 1032
1014 1394
1469 505
1072 332
1645 287
1890 788
1107 2
418 1368
1824 1785
1100 484
448 1357
237 65
494 257
1746 1721
695 1498
880 1690
1878 1895
447 503
290 1328
1885 1481
259 22
1234 490
741 103
1604 1148
568 260
1080 1625
702 622
1375 1747
1713 557
950 1310
902 1233
156 483
523 644
1365 125
331 1830
718 770
534 84
336 1807
928 529
1164 12
647 704
1662 1783
86 1383
1391 1189
824 1440
1691 864
1091 1129
623 37
1036 492
262 1637
774 1287
1297 1123
1520 299
726 138
1489 361
1244 1310
1284 67
621 1270
1817 125
568 1795
225 193
1399 783
435 484
387 196
151 257
1714 471
885 1179
620 139
68 294
1749 876
890 1809
878 1533
1093 1269
210 1302
632 426
819 1583
1229 592
1467 665
1048 1701
435 1370
1893 304
1213 1752
685 210
1707 1695
677 1659
754 1743
501 545
1702 687
1782 175
1177 192
1773 1093
864 1574
1787 1128
38 1209
230 265
1782 1606
994 893
452 1394
551 1152
321 1180
809 87
649 308
1825 1218
582 1363
220 982
750 529
997 732
621 1200
1712 1598
700 38
106 1859
174 203
1745 1409
230 160
271 665
526 404
1817 1144
765 686
454 1449
1538 1741
1391 1882
69 415
1653 881
434 1691
1468 584
833 252
1816 550
1642 240
1228 1735
1570 1014
697 1589
1845 1655
1206 1556
1474 1699
626 1809
396 1693
266 1497
1725 622
205 893
125 1597
245 1374
823 1857
834 932
1275 363
651 1332
730 1088
85 104
42 940
1125 832
88 1309
1542 828
1140 1204
1252 137
300 1587
446 604
397 596
115 1761
576 989
983 1313
753 1100
1002 1169
25 1734
56 1166
1670 1759
831 552
1488 982
240 605
571 769
809 1241
719 1163
1051 1286
588 1409
1252 304
1853 392
1110 1804
1461 798
261 838
1854 1013
1440 1686
354 1003
935 87
1212 1235
1335 1797
835 811
770 1177
1047 1729
1216 1599
45 1632
701 1589
344 1512
1168 1681
935 1492
1193 526
1673 1315
1569 643
399 1625
1888 950
1260 1254
844 67
1616 1679
285 514
790 1491
85 724
671 1102
300 661
26 597
1362 1616
1111 842
392 746
278 1779
103 66
60 1532
1687 1016
1256 1700
756 1263
1772 1641
1459 1554
340 749
1767 1857
408 1755
1461 1554
1797 1356
1355 1569
44 811
168 1397
462 995
1443 797
1527 1721
1791 880
575 1367
709 951
1260 1431
1481 267
1581 1102
761 488
1465 1876
531 791
190 763
938 1076
20 1435
257 1123
102 1232
781 712
1274 496
1006 561
617 674
1397 1711
1178 418
867 740
58 1044
1242 299
1230 1278
559 1731
1388 1805
160 1028
841 1665
116 1813
1011 26
69 1188
1230 1515
1354 500
1433 1333
1786 220
1575 529
367 775
179 1773
1072 220
479 1201
690 470
743 428
30 295
1119 1510
1221 59
70 1529
229 1100
532 650
220 1325
678 1063
1499 1460
1273 33
69 797
1717 1538
63 1008
1713 1183
342 850
1292 1752
292 532
985 1784
709 344
171 1717
293 379
1506 1451
8 221
293 1246
595 0
1162 1245
1569 1118
581 1849
646 1099
1328 321
774 50
1240 1861
1572 1446
681 99
1621 553
844 516
535 1048
1811 1178
1152 1876
1871 1045
1745 753
891 1287
718 444
1535 724
1633 611
667 1864
420 1871
1412 202
266 241
587 1553
743 1086
946 1635
1005 1299
1780 1708
929 1704
854 1864
1008 177
1151 1156
535 1039
1633 1861
1786 700
612 534
1032 443
1887 1779
1254 1882
658 102
1206 1863
1548 1558
1556 1161
1088 397
1777 694
978 1625
77 679
738 1148
1047 1422
835 926
813 420
363 1632
1124 1647
21 558
1175 1145
363 810
39 1128
24 827
303 580
1551 1219
1708 1275
1807 185
360 1459
930 821
425 126
753 1412
1101 89
59 628
150 299
546 139
175 1261
1829 400
1334 1201
772 623
530 694
1638 1579
303 1651
1611 1557
313 1690
1885 430
1233 1115
1530 1440
941 286
822 1087
1766 509
764 1558
1159 1356
1155 1204
241 802
463 965
1626 770
1071 1744
1795 397
77 914
868 1671
1179 1004
1220 266
879 986
779 66
574 192
1489 1859
1445 975
252 1181
306 1720
613 346
1749 1653
866 1164
522 1618
561 25
1016 1735
496 1717
1737 1404
114 784
949 15
631 1067
1183 1266
781 133
193 1230
621 1679
654 296
1737 284
484 1434
640 1536
21 1245
1195 870
549 72
1223 707
1799 345
1779 1294
135 1272
91 521
419 1030
1116 1126
1547 1512
549 1060
157 65
1553 337
601 82
314 670
1225 1094
1690 1765
1417 1306
1401 510
1033 1723
59 712
1255 304
1066 1055
82 1295
1521 551
1652 18
247 963
1861 1283
1434 1310
23 1318
803 1044
784 371
1609 137
1235 1571
1823 1555
503 448
1760 131
365 437
871 1037
1195 881
1082 1076
365 1054
16 1248
113 644
298 638
568 1001
817 1182
330 674
1622 1416
798 1540
1800 536
1889 465
187 991
36 1300
1618 1435
1514 806
1819 741
948 718
1652 1150
378 1592
1611 313
1457 1110
1679 576
1795 1044
310 825
259 1434
727 1496
359 1021
317 686
1654 1473
1752 814
1405 1114
1319 1292
1781 322
1146 33
687 1068
265 945
227 1364
792 1619
921 596
1170 476
1116 1638
955 1049
945 1585
1195 658
796 1459
640 572
1032 271
1529 747
1818 1519
1791 26
423 1407
264 1032
1121 1087
698 425
1433 386
1482 721
1448 177
255 1024
446 1282
936 389
277 807
851 887
454 695
1017 1238
488 59
1495 1528
639 71
363 581
1386 83
1275 402
1517 1293
49 1327
1170 775
718 1528
570 185
867 869
1525 1665
1204 1527
1032 1426
1886 1183
1565 1406
1589 905
1617 1223
1106 979
1289 856
724 1512
855 1446
1575 1264
228 35
1250 66
404 1588
1347 1829
1457 946
1781 939
1743 911
1428 607
1465 1461
840 1609
447 1696
1462 224
912 1415
1446 69
305 287
1655 950
67 479
1182 1577
1686 1112
1054 682
72 892
56 249
551 1770
1524 588
1478 312
1439 530
985 1827
1816 1399
1686 998
736 601
1062 226
1321 891
987 1252
117 1740
1533 1317
970 743
892 340
1127 566
1747 2
184 151
991 493
1151 496
614 532
1565 1030
356 1473
1514 832
363 864
1838 1168
739 602
1729 807
1607 788
1790 953
811 411
1229 822
1556 442
1792 804
765 247
874 1001
1072 1126
638 159
1855 126
1459 650
1076 342
687 844
631 1037
668 1825
533 183
1241 498
895 1525
1719 744
1681 1100
1763 1177
252 1735
1474 97
1575 1479
366 1893
747 946
1302 1877
335 1515
75 438
277 298
336 569
305 189
953 1058
850 1395
1629 1606
615 500
1024 1837
573 175
781 1567
1329 299
998 909
1860 1016
1287 1476
1271 1561
1707 119
402 1385
1443 620
1300 867
1221 1853
554 711
927 499
617 1160
949 554
792 1547
1721 1203
1636 218
1411 1682
1011 427
114 11
1626 324
1416 395
337 667
1166 600
624 1138
391 140
1877 1617
1208 1460
1862 644
763 1197
245 421
294 849
826 747
1017 1292
1873 1768
655 737
1636 710
1841 689
1136 194
778 881
1421 1392
1403 492
443 527
515 1767
1182 179
365 102
649 450
784 1360
490 1395
1330 1391
1127 336
1559 331
1507 455
740 1436
88 494
1668 665
1216 407
1704 365
1233 1697
177 844
897 622
863 602
915 1533
905 565
1208 777
1241 1302
898 1280
1379 888
236 1405
762 610
1399 1125
105 1430
1108 865
1145 132
472 1430
1610 1269
764 1232
1822 869
375 56
1288 1168
1814 1862
413 1273
737 767
1241 280
219 1593
1299 871
344 1496
1575 960
1327 922
1173 738
1090 377
1513 1133
1060 44
798 10
259 680
1218 1315
1026 373
173 1260
1678 234
1081 427
1611 1235
873 395
532 524
1302 1736
956 810
666 549
1075 730
179 997
1858 378
1107 289
1202 610
1646 644
399 1044
996 937
1667 1339
1680 1049
776 1755
1419 787
318 1593
1842 1798
1578 531
1089 1597
137 100
337 1299
1585 11
1226 1775
768 1740
1247 918
1062 335
1514 433
938 734
701 1747
1179 1537
161 266
1608 947
732 1489
79 1661
1507 1632
1378 1793
631 409
150 1664
444 235
1539 223
598 1144
536 11
772 165
1483 1893
834 47
9 491
1596 103
828 7
1811 58
1415 1334
1655 916
1417 1292
551 23
155 1456
1617 1313
1066 1037
1632 1140
1770 1294
462 1504
1857 1811
1297 1432
1678 1265
1290 959
1817 961
930 452
1792 1298
1623 1841
1124 1801
1757 1403
1001 1721
1013 903
577 185
126 1118
559 1582
43 973
1718 1871
1338 1646
1419 373
1094 415
778 1684
118 1167
602 787
231 1542
1287 1650
1370 835
60 1453
1846 1156
1782 924
326 728
684 672
293 1707
202 1091
1288 464
915 1019
1275 1649
280 1338
1536 224
1432 566
367 316
354 682
197 1641
1594 1366
851 1622
593 1778
544 1555
1508 1584
125 260
420 265
1317 1425
1480 1248
725 1654
1653 1717
1890 1893
876 1389
1891 1330
155 1834
1417 716
1828 616
66 174
1314 1164
1824 1716
1597 155
255 1451
149 1885
52 1406
725 631
50 1666
1484 27
835 507
1314 1128
1694 91
1596 1143
1116 1864
1833 1114
1602 1175
1741 1588
591 1413
1279 765
292 635
436 1705
1559 60
570 1033
196 1112
685 1877
168 621
881 943
835 1499
1198 925
1324 347
599 855
952 662
298 582
1702 952
688 390
367 1764
1752 1005
154 1250
138 318
54 798
687 1166
1574 623
831 1236
761 1154
1709 16
1517 92
955 53
1266 109
664 799
687 1805
1040 850
1864 1707
1750 1532
1611 1159
591 107
1432 289
757 1514
459 322
92 51
325 323
1428 457
55 1425
243 1477
806 1096
1271 1232
625 1716
1579 1284
268 143
185 1162
1290 789
452 1713
358 1315
1301 700
1133 1000
477 745
709 771
283 582
1701 1825
853 1177
1776 124
264 658
122 1859
1702 375
820 586
197 1279
682 1419
701 244
1527 1276
346 1585
1685 811
1792 384
1160 1598
548 938
184 1419
862 153
1124 1161
1333 1219
401 760
1015 1245
376 888
178 1780
1130 294
1169 1513
1217 1866
1454 1531
1461 353
1407 253
1827 649
392 444
709 1682
1674 1319
383 79
821 479
474 332
418 1296
4 671
187 1294
426 1738
1852 594
390 1431
1772 91
252 513
782 1502
140 777
1180 486
1655 1143
252 166
283 37
78 1415
1563 1774
1593 86
830 996
1672 1820
1292 322
382 985
1379 554
382 1416
1022 730
1420 1558
419 434
1113 740
245 802
1778 1822
344 1081
602 509
708 1197
1239 1508
1136 139
1477 73
1278 367
967 1359
1737 1564
725 1293
532 566
1378 130
1567 1730
1791 964
1358 95
569 444
1822 1213
967 735
1770 701
1437 572
882 905
1683 1478
713 1233
1517 1123
660 452
1133 462
532 841
928 679
20 751
183 1019
1208 936
721 1675
857 120
584 696
736 91
957 1452
1106 1131
448 1141
1190 656
505 894
814 236
140 1039
1020 376
1233 1694
438 765
919 1432
1698 1594
908 30
580 805
353 91
1196 1808
1192 1316
791 1879
1689 1662
800 56
32 911
323 967
1184 340
17 1440
1098 1374
649 1697
947 1710
275 666
426 1142
1647 1425
751 591
1119 1843
591 1468
1559 156
1597 1797
67 1762
1161 223
762 650
1124 1081
1851 694
724 1636
274 1464
72 1518
39 1643
43 228
1611 1885
775 494
1188 978
443 213
457 1378
625 759
39 99
1738 283
1577 457
837 728
405 1840
396 327
1495 711
1039 612
936 261
814 132
1626 425
1274 1517
1469 61
279 1163
712 863
675 1076
933 494
1371 495
396 1018
860 652
1053 895
226 383
563 708
1330 599
1413 1693
363 1746
706 1060
1137 943
115 175
773 544
1347 1648
1188 1080
675 441
487 521
1435 712
621 244
439 1764
1150 661
72 1374
699 47
796 1797
1530 1892
1372 792
1293 1111
1471 648
187 1418
207 829
1581 523
1381 1773
1201 515
856 1477
1887 783
170 1260
1611 611
401 614
234 401
318 1898
764 766
241 911
179 949
802 656
1624 1799
1286 933
1021 1365
690 189
1720 1113
1387 1670
1345 1029
355 479
37 285
201 1583
585 126
757 133
640 1840
382 411
829 1893
1257 453
853 1443
373 1683
1812 880
1719 1
1147 685
690 1116
1099 1374
48 632
1140 389
33 101
1059 691
1207 956
436 1893
1315 1614
1029 348
595 732
822 1729
1076 327
158 1058
408 681
1795 1787
1325 429
1443 680
460 361
1210 443
1490 408
1024 288
745 1088
704 415
1161 1858
1691 85
1494 1346
1762 1337
1101 1069
307 1404
806 1104
444 1608
720 383
133 1543
1624 411
376 1073
491 292
641 334
751 649
838 1244
1029 656
196 1486
98 64
1665 1107
249 1192
81 1750
991 1531
1785 1179
674 39
927 1079
1596 1041
1649 784
1044 1264
1207 624
486 12
405 1599
1789 1457
863 756
210 1863
1299 1787
975 240
1069 1639
508 1593
566 557
1365 36
1759 309
899 264
1255 625
1323 152
929 164
1805 1310
1253 121
1781 295
1539 126
334 1360
461 60
1058 1609
588 929
542 1485
173 1494
1840 537
1361 457
1878 878
644 1782
1360 490
1875 754
42 763
1666 403
1634 1209
361 1203
1733 632
1367 1203
392 787
625 600
648 1563
1062 568
1265 966
130 293
1784 1688
509 829
352 1025
742 932
935 1621
604 981
451 496
420 939
890 124
519 1819
638 1153
1809 158
1654 490
771 924
1608 978
276 293
420 1251
507 894
1802 768
621 832
447 1498
1687 211
882 1205
88 371
1114 1364
601 863
735 368
294 199
1 882
1525 1368
1075 322
881 1654
1894 877
494 1071
1593 688
1443 1438
852 956
1281 1108
80 1808
1664 1199
1353 1419
1694 1869
1523 460
1282 1322
1129 994
1616 1062
465 682
1173 1477
1255 921
1428 1393
1699 1159
1406 749
1096 284
1313 1470
1027 1389
588 1777
240 25
1566 1589
13 1391
1465 774
853 1731
829 1174
819 1871
345 803
1616 318
1830 1632
1042 1873
1865 23
1543 1725
1354 1167
1768 676
1075 1096
1443 14
1234 1049
1506 1559
1819 674
321 1590
1438 627
1845 1557
1232 1875
344 1414
336 131
1194 1598
374 889
231 75
1016 905
1452 193
1701 1159
681 525
138 1828
726 579
1319 197
336 711
1649 1018
972 1325
1071 784
435 1685
435 661
1250 1283
1550 396
1874 758
252 463
559 373
250 1786
418 462
294 1155
1111 1625
1423 537
1784 378
120 405
699 1080
80 775
1409 1195
120 645
1666 1246
1574 814
1711 233
617 236
575 85
1311 1845
743 784
1688 213
36 552
973 1087
1763 977
1126 421
1430 1184
184 1224
340 984
1828 1522
521 1204
320 1126
1889 520
1400 147
1861 1187
1697 522
656 1849
713 1435
941 299
1311 461
1019 230
1420 163
236 39
1115 1372
1352 1766
107 129
451 298
335 902
349 866
1765 1090
178 624
1118 1214
402 452
277 855
1437 1372
1583 1457
1527 189
1217 247
1037 888
1119 591
660 1770
1240 660
1661 516
1799 90
1689 164
1425 1808
1680 1054
205 1679
520 1324
111 516
179 361
227 102
270 936
1528 874
914 545
1127 1610
1023 652
1680 1366
283 331
1420 1275
1733 841
760 1604
458 708
1749 1461
571 317
1721 1578
265 1686
1386 170
739 179
105 895
492 1078
1385 283
255 886
1077 948
31 301
1342 693
1807 748
1032 1120
1496 947
766 1315
721 1077
1206 513
82 1730
415 419
599 1715
64 1014
337 1396
1408 29
459 479
1744 78
1620 1053
323 1494
1881 1091
1790 703
109 839
342 1219
54 1073
1833 1656
126 1030
1818 115
837 769
884 1067
839 1049
1620 1536
1775 1412
91 1590
1879 611
1610 1566
58 583
41 1490
1452 1237
1304 1460
833 568
1167 315
1228 1724
1563 779
665 1655
1148 860
1191 847
1419 1502
241 1473
736 276
993 837
1118 1146
1851 1216
185 1300
121 667
1272 248
1745 1111
639 998
1198 1343
1563 270
1520 1315
928 1194
230 166
243 893
809 873
34 1244
951 1879
460 1637
984 403
79 1449
565 619
312 1733
1267 1604
791 277
165 1715
1013 1295
944 538
1538 1564
1319 1216
932 1244
258 506
321 700
1132 1445
1527 1876
59 729
1077 469
601 1461
930 109
875 30
116 1864
1476 1441
1154 143
382 905
3 1499
468 1734
1373 930
1188 1707
88 1282
1552 1633
1153 1462
249 1066
744 1143
239 1479
52 1485
1675 185
415 261
938 1660
520 1812
42 1655
1021 1855
976 1528
569 324
924 1376
564 1605
614 855
719 850
234 424
1620 27
1613 412
1121 938
141 981
6 505
1676 1111
1444 736
1816 1624
1788 945
1836 1841
50 751
914 241
1626 307
546 1867
343 834
470 1254
1067 156
1125 716
798 1037
250 584
1030 534
1529 1879
425 1293
1321 1843
1217 141
1030 544
334 652
643 1061
1482 250
1220 681
506 1475
266 1056
1119 363
516 1162
541 904
887 1446
1486 314
1591 1575
1843 1279
1526 1191
1029 1173
264 813
813 939
116 1311
237 1228
1325 1538
1656 71
135 1461
89 430
1468 458
1153 1214
756 877
568 852
1415 908
1065 1596
278 843
639 1893
51 186
452 1746
1757 1470
1036 1534
396 687
259 1463
1335 1732
897 1059
1312 711
479 653
562 2
277 1274
288 368
825 1219
764 380
836 131
198 1104
1514 1487
589 380
1501 1806
1615 110
975 1368
1406 477
235 504
1165 468
21 972
927 287
81 452
830 1217
1763 41
627 1588
1698 1005
95 1011
1465 1844
1717 1461
77 845
788 983
1819 1053
1090 1271
1877 588
1372 1643
1073 276
1254 80
105 1602
1843 1808
131 46
66 590
342 1171
1465 120
1298 75
1161 1306
1377 1552
1505 1588
965 55
1128 314
847 1816
826 1452
699 1694
623 971
490 276
1452 889
82 412
1715 554
115 781
1524 1365
486 1843
1588 1740
454 1144
310 1007
1094 445
1703 277
1782 133
1027 651
197 1855
1616 310
6 1793
244 1834
618 947
155 263
1276 717
1208 605
1428 1183
22 71
337 463
712 195
1742 425
203 1559
786 1335
1660 1591
1051 44
57 605
750 281
238 1688
746 1788
796 1789
169 159
222 1655
482 1837
664 948
1537 242
587 554
882 1519
354 865
286 1808
473 896
729 1271
690 332
337 966
1651 506
1292 1149
1585 948
976 1075
1766 369
1567 1227
903 112
909 1112
158 153
560 1667
1585 248
1241 1446
18 1820
355 1312
23 1040
284 1095
535 881
726 456
815 366
1002 1282
221 781
175 818
693 77
1658 1731
1775 778
1287 1153
1843 1304
1074 193
1177 432
905 38
263 1573
1576 433
185 157
361 330
917 818
1475 341
1472 1343
1255 1822
349 930
561 93
709 881
506 1073
592 885
622 1170
477 1795
544 1775
1340 430
315 733
1525 739
1524 1096
1150 903
725 1314
1152 988
168 1408
1266 789
662 1863
913 1721
1683 1162
1767 547
731 630
1241 1874
532 320
1007 1302
520 623
1268 804
540 659
201 444
188 1261
1603 710
915 1531
53 1088
1884 24
1543 491
511 452
746 904
787 1829
777 5
8 1850
1894 1889
563 1058
1840 1139
451 1275
511 1069
1444 368
447 365
617 258
1284 1816
1185 517
863 1611
1566 1737
532 1501
741 560
1312 1418
1197 1888
956 30
1461 1382
1815 1505
1592 22
1302 1286
1074 1782
711 1771
983 864
1796 1882
776 1617
394 570
950 560
1702 1457
207 995
342 737
366 1023
37 1331
580 59
667 1699
1583 1241
185 786
1657 829
1501 797
822 1500
987 29
1272 1890
1822 1594
174 438
1052 978
1720 394
1024 1390
1482 634
404 584
1084 1672
758 998
1828 292
143 1372
1495 1886
1830 15
1212 596
1290 1433
226 1041
565 566
116 374
1209 1886
254 631
1448 1587
1167 1316
236 787
1338 1072
240 1006
1894 835
732 1220
1815 802
1132 1310
1331 1842
148 1039
21 1038
499 1803
1667 190
1559 11
1552 242
349 1774
1124 1004
1131 996
1683 1011
946 331
1882 1213
1862 1020
1023 1146
122 584
1305 1478
418 1193
44 1876
916 1835
251 1510
1129 519
328 229
359 1555
821 1048
1569 554
1591 1868
613 212
136 1547
1362 1126
68 1111
634 1167
1724 897
1392 785
319 0
364 1243
1385 264
383 1066
1138 1152
538 262
1624 78
1078 1244
1496 98
1337 741
199 0
77 306
1339 859
1050 1493
1369 1490
311 629
771 435
1805 932
721 831
1111 392
1489 745
127 1727
971 1434
1541 1282
1241 375
834 1315
780 1133
1485 417
1834 842
1302 1183
74 1637
842 1449
1800 167
1137 132
1173 1861
165 617
364 188
1137 1897
104 711
118 1838
264 159
1570 520
1595 810
1432 365
739 988
777 1540
88 904
1679 1233
1628 1537
1553 1739
1630 511
1690 714
131 1109
1157 544
1322 1845
1558 1520
838 1269
70 1789
275 854
824 967
1749 634
71 480
66 1501
203 1517
1672 1248
1378 1048
938 561
86 1016
981 682
554 748
1214 411
598 1859
1027 1276
532 259
370 1742
1548 604
1094 151
819 200
694 1070
354 972
450 185
1352 1651
839 1634
1102 837
208 762
503 458
1108 761
1360 898
626 33
1470 49
250 790
784 140
1390 1653
509 1361
1024 1749
123 577
1378 1084
1823 59
751 1486
1485 57
1703 1630
1432 1558
1643 802
1300 77
1123 479
1607 167
679 195
1648 1655
1219 752
1855 644
305 1541
546 37
147 560
978 715
1040 1179
605 1281
982 53
820 499
547 1319
1575 225
127 834
944 165
1556 1078
721 612
396 680
922 306
9 171
870 1551
785 48
242 989
1856 1781
373 904
414 1716
1203 1239
1030 1054
976 118
1394 1356
745 80
262 176
901 1392
551 143
146 1707
190 416
786 1516
1469 252
1816 400
784 99
1047 1168
279 1037
1358 458
1309 773
522 389
72 360
1833 37
1320 980
1654 69
905 1679
160 1108
651 1082
1212 344
771 633
1107 492
443 828
1558 1396
278 1192
996 1767
1870 1621
969 712
612 1327
1674 1006
1462 645
633 435
1319 139
109 154
1506 416
398 170
1070 1442
293 269
75 1723
557 553
114 1751
1054 1256
1574 1675
396 1190
662 430
1210 1115
1261 159
1334 313
870 616
800 1239
1132 954
1823 1824
978 979
720 1105
692 539
906 547
1799 1837
1243 440
1764 943
160 1356
412 813
1670 1876
1024 887
1213 1820
1233 569
996 1408
269 1249
971 1286
291 1893
1838 452
97 205
1601 679
141 1424
194 1344
248 521
1785 971
963 1543
832 1466
1444 511
1446 740
449 1629
957 809
529 658
409 1678
1212 525
1782 1366
1737 51
412 825
1364 42
318 918
337 1718
1172 1831
1110 1085
443 1206
1288 351
1812 465
1755 297
1812 1857
559 137
1882 439
1088 1032
324 1222
615 883
1268 511
1311 187
32 1818
1002 1480
486 1587
1255 331
1886 1488
1788 1013
314 1543
1690 1090
1047 925
737 1095
637 932
206 596
1205 1461
729 254
908 848
1488 525
55 1579
190 1062
227 1431
1558 637
547 757
706 1645
273 1730
389 1712
1612 878
1153 1788
1311 1816
1338 433
1391 418
1676 996
1497 180
67 1093
1093 968
388 861
44 445
1567 183
194 1362
1519 1846
1343 1321
1729 156
1127 792
887 1853
1172 828
207 1878
1020 1863
1788 1708
12 1022
312 342
471 745
1558 1509
1429 1721
1458 1871
985 337
126 154
908 804
658 907
562 1142
589 406
1838 1702
405 1834
1056 78
694 1206
1711 1218
258 1176
1100 595
603 970
1494 454
73 194
430 1233
248 1448
136 578
78 1460
1684 884
225 1437
1583 882
1221 1421
1459 260
1242 174
887 841
1598 278
1217 1167
1193 507
1803 967
1846 1018
1161 315
1006 1552
973 1630
296 1005
1861 1444
588 241
1261 973
634 1880
603 1465
983 1145
1044 73
1341 87
523 1658
1784 1396
1864 1172
1009 910
1254 1197
1235 1093
478 1663
129 799
539 1211
1615 283
1580 552
1027 1487
1164 784
1416 1075
832 956
851 1399
1066 1510
1670 1518
31 1084
1072 909
1355 529
273 502
869 1483
852 349
1103 1631
309 1604
1267 972
1029 546
738 120
1151 125
739 733
668 1758
828 1201
870 1333
789 1068
1067 859
813 459
855 469
941 1378
1083 271
705 1420
973 1287
1653 1007
1145 439
1558 260
1382 678
494 1108
950 738
1182 1513
1022 1091
1484 55
1594 529
141 530
305 876
95 112
917 1716
1339 7
1543 824
1288 1234
1715 240
323 878
208 1898
1487 1553
878 976
1890 1608
1269 1182
1475 161
1162 506
738 871
787 242
320 1255
1721 211
1618 1635
1458 1287
519 492
524 1565
1286 1327
1043 646
1354 1094
307 1376
968 1598
598 1856
1099 644
1262 1660
1279 301
366 1129
155 1562
1579 1001
1714 397
1010 1566
389 337
532 433
598 404
598 518
146 345
1612 703
644 1374
397 232
677 977
1181 1083
1767 819
1689 193
1388 1045
806 373
231 192
687 1243
104 763
803 1886
1466 903
473 1612
771 1267
938 767
337 851
1042 34
241 1696
869 1546
594 784
626 993
809 1524
675 1576
1579 1874
546 1101
532 1550
336 1130
882 189
1660 1331
514 1256
133 780
1191 1488
765 1078
113 388
605 1092
1764 1117
1338 869
1287 99
1204 1599
1617 1267
664 1315
922 1715
1511 541
1626 1441
1710 327
307 1625
1774 1759
279 235
1760 859
1624 265
81 802
1334 790
1873 347
1676 825
520 1652
808 969
1210 953
1814 1202
1030 1216
540 1138
1894 1655
737 1826
1138 868
306 34
1599 1181
1223 333
1819 365
1088 1582
1004 523
690 1161
1249 1846
1229 1346
151 1769
1603 1857
1109 1095
287 812
566 1638
1223 557
332 1549
188 554
429 1299
255 1096
185 503
553 349
624 1355
808 707
1003 1811
1402 471
234 1024
1008 526
1119 857
1477 1302
1078 1125
1033 85
937 821
301 593
1187 1408
759 243
659 1047
741 1318
116 682
757 1014
928 1239
1008 184
1493 1364
199 634
616 1425
1256 411
974 1617
457 1613
65 314
1204 1237
818 1057
415 364
1064 1386
1009 543
1011 836
477 712
744 1447
1777 1535
537 1144
941 128
1486 412
1841 379
499 464
930 256
1799 1581
1606 38
978 1773
775 1713
1215 1640
584 1009
1888 672
108 1482
1577 293
1786 566
1628 907
745 1177
1516 232
1169 1116
67 200
479 687
1409 883
1125 424
850 979
1145 1228
604 979
1092 608
1069 1421
307 677
521 501
1867 1747
1748 1749
323 333
39 1028
1592 957
1062 130
1226 439
1094 1012
694 551
170 1230
1294 579
856 1841
237 632
184 126
811 1179
657 498
1050 37
1051 1701
15 821
1733 396
1328 990
1368 1870
1291 867
1301 1053
528 1212
194 1691
931 1528
906 1648
412 1152
848 1132
1203 1347
1464 1652
1162 565
1015 1858
853 914
1082 572
1024 220
198 120
745 1353
296 1772
924 1520
1556 669
86 329
1209 1166
1315 762
822 1421
1689 365
768 1741
1260 1440
517 1438
735 515
1691 355
1421 1605
565 1361
1803 1139
1567 237
1324 986
817 1659
121 1722
968 1696
462 1779
279 1255
1318 1827
784 1792
1438 787
785 1320
1188 145
988 1590
601 806
1666 1150
236 874
90 1897
1772 1054
773 162
502 1507
853 308
1358 399
259 557
735 1257
75 1511
507 136
593 1513
18 914
987 346
641 1536
387 1881
102 52
47 508
1629 1153
1633 1831
1882 330
1720 1796
120 679
1457 119
878 1778
638 1588
641 862
522 384
636 173
1368 1219
754 1099
857 1484
926 779
844 1615
254 967
854 1629
1699 286
1667 338
188 511
868 813
1522 1801
687 1873
423 63
1106 98
862 1702
557 663
154 1251
983 1435
1547 1449
927 819
1487 401
492 525
1646 111
911 1413
1058 573
1130 569
1223 1550
1608 1858
1815 345
1031 1290
823 1327
252 796
1702 1538
1454 1012
1390 1428
1757 35
280 694
397 433
1586 607
975 597
1513 56
1044 709
587 426
788 1295
113 841
254 1412
1533 890
490 156
260 227
695 1675
1444 1138
605 503
1152 1072
734 341
1595 464
1729 1779
916 971
274 779
1452 1496
310 1731
1531 1102
1598 1100
1869 1173
813 169
1763 1208
1354 1885
1444 1200
1097 355
1866 1208
1001 721
877 553
1203 1008
1076 1256
1250 1866
1647 77
361 1262
694 570
87 725
1540 443
1230 783
860 730
1648 1555
1120 539
436 2
1200 579
1621 190
1493 897
430 833
467 151
977 493
561 830
1628 1099
329 534
553 1819
8 9
1083 780
1482 306
1526 131
1813 1470
788 1156
308 629
998 224
1827 1162
334 1247
1713 365
630 1200
1737 1509
1443 420
14 595
1194 1678
446 1747
1784 1771
358 933
1538 118
724 326
79 1255
166 1497
488 518
350 1369
962 1890
1753 651
1380 160
380 724
734 659
554 747
199 1222
1581 475
1804 167
1083 1078
1510 80
1440 707
458 1446
1388 411
1329 1348
116 1640
922 1673
655 392
1893 235
1408 1274
665 503
1314 915
447 434
1765 932
475 871
1181 309
529 649
1247 709
1468 86
1267 1593
280 1615
56 415
1326 1102
320 1308
1356 1681
1253 187
937 397
304 272
23 1134
287 136
845 1799
1532 179
1031 462
1821 58
798 372
557 1847
94 1188
1060 1142
1409 69
52 1594
1371 1055
1357 94
1343 1508
1459 1633
72 438
1325 301
1655 781
1834 6
661 266
748 1044
64 659
1891 1169
1543 724
1023 367
1758 158
404 1093
587 345
1475 808
1311 1741
485 1014
1723 240
440 1049
746 184
1890 529
808 853
1677 1678
1813 1767
1399 747
1638 851
1075 522
358 776
1075 1843
198 382
301 1375
908 1886
968 806
972 1170
416 1420
488 1443
1626 1233
239 549
881 1832
243 657
1307 886
1566 1630
1324 132
21 594
681 1028
610 1381
374 1844
163 408
977 463
227 1435
124 1090
1621 768
680 256
968 500
78 1561
1602 885
1599 239
1348 477
903 313
1856 284
761 1726
318 1684
1881 324
647 379
1299 730
421 973
1091 364
1658 144
1788 1654
893 613
944 342
551 639
1283 122
1790 817
157 1511
155 1734
1264 369
1478 1187
517 1656
1225 1774
1062 851
25 424
1828 906
1677 95
200 177
1211 1428
357 1717
14 1490
495 1709
376 976
376 1854
842 255
1453 498
392 1690
1122 162
1763 1028
1472 5
622 1469
1139 312
1062 444
921 1365
243 1874
1318 215
1149 205
963 438
210 1887
1398 411
690 435
762 701
152 1065
1042 1817
490 461
81 1860
672 1328
234 1655
1577 1718
337 1007
173 346
457 85
1792 1452
228 601
75 1676
680 1897
902 1573
206 384
23 685
280 686
1330 249
913 1077
278 1625
703 613
1359 649
431 1869
1740 821
140 688
131 747
471 1034
961 1371
20 641
1741 1797
1283 359
1700 977
943 1448
395 1207
1186 549
917 1057
1167 178
771 611
1096 708
399 273
1376 59
1216 1831
1872 924
1509 722
1882 703
1033 514
388 1440
1202 548
1248 296
1215 1073
1862 952
911 1254
108 1313
188 1766
841 410
1596 1345
1629 1583
1019 624
1118 692
903 445
400 1514
1258 1235
974 4
584 1760
50 825
992 714
1553 1275
602 1306
1582 563
1536 1857
143 547
1446 1484
1377 805
1289 1003
221 471
57 1789
948 842
1126 1544
1466 494
333 289
453 764
116 1099
31 505
1583 1500
1135 660
453 189
158 1202
771 767
1129 409
1829 1713
1826 267
1521 1610
1425 1685
249 726
223 456
1785 1265
206 359
938 1651
749 661
1489 1268
64 361
1713 479
708 110
708 1075
1718 1282
870 1295
897 304
1679 976
447 1229
1150 1560
1095 1160
40 1609
1733 1720
277 721
1422 141
1410 570
278 867
1848 4
1018 807
358 859
909 389
272 1085
1829 545
1247 461
904 1744
301 1404
1651 815
1498 1804
1 1253
1123 1451
664 341
1126 821
1359 1727
1105 1061
611 1442
1432 1870
1775 1344
1172 946
658 835
1366 785
753 859
205 1131
87 228
1393 593
1649 151
781 283
833 567
304 1738
875 1647
796 1236
794 260
833 1569
935 593
1703 1142
1587 470
364 480
1032 729
1783 174
1222 870
389 77
654 813
1104 561
914 665
497 6
612 1267
1055 645
1617 1070
942 1858
1741 865
941 260
1874 1706
672 1814
987 189
1878 1611
587 752
965 777
471 991
1583 1790
748 69
587 1011
64 77
1484 898
202 1073
1439 315
568 1201
156 129
249 1160
1633 324
484 1664
805 663
1022 546
312 385
724 904
81 1774
301 901
871 870
190 512
1841 1852
1494 44
1353 1010
1214 869
815 974
1078 639
637 445
1106 1200
628 994
469 965
1172 1707
245 1016
47 1566
225 1198
741 1727
76 380
1735 1257
243 1777
1732 1405
1185 1138
1226 775
769 1403
449 581
1057 384
1081 1415
653 762
1839 1224
1426 1730
161 1588
24 31
1356 1578
196 1140
1321 1279
145 878
978 1249
681 1123
656 1074
686 1577
1788 1744
1260 44
17 1125
1533 506
230 126
1386 84
1516 1272
720 91
1167 660
243 1015
1217 1879
823 1186
306 128
1628 747
1334 1809
734 1279
1594 1585
819 287
1441 1269
1205 191
866 1274
655 723
505 263
1596 1062
1409 1581
1521 1384
1144 776
1576 1382
1270 279
1083 481
738 63
449 1483
1051 133
1885 69
908 1895
771 1222
784 816
1672 1627
1877 1428
1614 289
1232 1783
865 351
152 574
1385 1822
51 1857
1593 437
1809 1160
847 124
179 829
643 67
283 101
419 273
1598 197
1158 1626
113 1646
807 915
104 403
1237 11
860 1410
1724 550
1157 725
741 500
524 573
1758 591
280 1096
855 1781
1051 1696
53 1003
1121 1141
1252 690
1652 1883
1113 903
365 1443
1010 809
1796 1700
157 1315
734 1898
637 348
1535 427
283 1189
1568 936
320 870
1171 131
372 1079
1886 1221
745 1484
151 1415
1025 1655
1630 270
706 284
401 751
826 1609
837 1196
1113 996
885 1141
1506 1369
1890 1823
1498 902
339 1816
460 936
1879 1772
1518 771
680 1396
1017 708
271 1634
873 1006
802 1331
1447 725
1127 904
929 49
952 476
395 378
1443 1707
1895 986
976 1146
1711 771
670 1672
1687 359
1341 1466
282 992
699 1719
801 362
620 1656
1067 1113
1769 1894
648 1755
1829 1559
548 439
1689 1459
517 145
371 1070
934 1533
1587 485
1107 1204
1327 1024
302 940
1780 376
1362 1812
168 1211
818 701
1353 1295
1011 1282
144 1007
1496 949
696 1870
842 462
681 1853
875 399
836 1372
703 982
1721 971
499 26
1640 408
433 43
223 1695
261 572
1517 1329
1428 628
1425 1769
292 1435
501 1454
323 1441
1843 91
1688 196
146 933
258 211
12 1762
250 491
1636 1578
1066 1146
725 544
962 1288
1002 1602
1894 1699
439 802
556 1222
966 1624
1048 1446
292 622
859 1799
2 1276
1438 770
353 1897
443 579
272 1460
845 1461
756 20
1477 251
646 1646
1670 1385
1075 444
50 1589
1440 887
369 989
667 1552
823 577
1718 1497
677 1769
472 532
1496 35
552 1889
192 107
597 854
1478 966
1200 624
917 29
1021 978
1333 1413
1191 1606
406 1838
828 534
981 1628
322 1110
950 892
500 793
1564 540
921 115
793 1811
1268 355
1046 1678
1764 1471
592 228
1481 1139
798 48
180 895
1146 1781
947 64
1311 677
1477 729
1420 496
1661 300
789 1052
1409 1695
694 741
1648 579
133 988
48 820
837 76
10 1555
1729 1036
1851 1450
1000 798
1635 969
302 1577
1866 814
1769 1099
1896 1287
1107 889
190 225
316 546
440 230
1675 866
1228 92
417 720
617 641
776 172
1169 1204
819 1619
855 23
1778 435
147 188
777 1415
712 1862
900 389
659 568
800 900
881 1357
425 1628
321 1050
1605 211
1008 1108
1705 1424
1720 755
1189 1137
199 791
529 1618
95 204
319 942
802 223
679 124
1515 1709
693 947
1655 1027
58 1308
38 1216
1526 817
846 786
51 1557
1499 1193
1120 1392
978 1419
1706 953
818 1787
1328 1506
1857 1533
1285 1155
781 1489
1595 112
1796 1047
1010 158
1195 1566
101 1803
1400 519
342 625
1108 1004
831 53
352 775
529 1209
526 1200
668 1351
0 162
777 1308
1580 191
1334 401
753 775
1275 1177
975 413
414 1569
788 431
480 334
349 1517
1451 1384
56 1008
1459 1686
161 92
1441 5
1879 1218
1607 1618
979 1449
1694 1612
475 1253
1287 1617
1614 1710
699 876
1551 761
1340 1720
1707 809
10 1315
340 118
345 1864
1693 1857
646 1056
565 1279
973 1410
698 544
1040 1033
1793 85
1025 932
558 1811
1077 1484
402 263
1813 863
1007 584
1614 1097
1643 1871
847 1385
357 205
919 652
1120 781
1640 92
341 278
1530 1639
549 1361
1235 1110
1611 1076
1868 47
773 184
412 194
201 102
1017 595
1396 1388
767 1150
1590 210
737 420
1081 1241
611 298
627 725
1199 682
457 1327
1849 1271
1330 713
729 1498
637 559
495 678
655 514
127 756
531 1637
1463 1182
650 1340
916 1889
682 1029
254 904
1195 1267
1796 521
220 893
346 6
1574 1835
640 432
1413 1494
295 1165
181 1864
1032 839
1515 1085
104 1602
8 769
1172 157
1774 686
66 1422
1868 636
1354 512
1801 1527
404 633
437 277
1153 1763
798 413
1453 789
1394 1645
190 1538
580 313
1601 136
256 378
600 1822
919 1394
1304 1190
686 833
1048 1017
584 814
1099 19
726 1616
728 1745
935 1185
1842 322
629 794
1629 415
72 1381
1893 422
1647 1717
794 1266
1856 864
977 459
634 1343
1013 193
1852 1428
1195 724
401 1898
284 1595
1382 1606
1157 238
1663 756
283 907
1885 156
1053 321
1431 1139
1782 505
1187 1696
130 1477
1264 1196
526 1669
792 1288
527 1061
1077 1515
470 1230
694 1446
503 498
67 856
1041 112
410 227
1121 230
707 626
126 675
730 1751
810 1044
1626 1346
788 1423
622 1854
429 1185
821 371
1634 878
946 367
299 1184
73 885
41 1683
1081 352
842 184
1653 391
1789 261
367 1838
337 1103
57 756
1787 403
970 214
930 979
1441 49
445 1464
656 599
782 264
631 899
1266 383
774 1776
1030 1818
1478 139
1830 701
1136 1185
1029 1657
1084 1792
1094 1465
1012 325
216 1551
828 1818
939 1083
641 1126
146 1435
1106 399
595 1811
609 618
961 842
1180 197
80 1531
1404 996
437 248
1772 1293
408 1812
1002 443
994 1684
830 1101
648 885
418 1609
1642 939
483 734
691 421
569 1886
1140 1628
210 340
1481 1302
1787 46
1179 1002
813 529
352 425
559 1190
1700 975
731 1183
1594 359
574 122
1125 563
43 1675
800 1636
51 415
665 950
1781 1504
1072 55
235 384
668 1120
1670 1727
1403 1527
509 1434
367 220
799 480
400 55
1183 1074
133 483
531 1067
516 1396
1039 337
1811 345
1573 485
1794 1720
1764 1853
348 805
140 235
248 63
170 158
908 569
1204 1595
704 67
678 1110
880 570
665 1035
1636 1111
1877 598
175 1526
1628 1822
1385 820
497 897
556 739
1823 206
1533 1654
468 629
963 1772
19 1318
1801 47
460 878
1056 1242
138 1799
594 51
372 376
1324 1413
1630 255
1111 1517
346 421
1888 144
626 995
957 109
961 1738
20 854
321 1457
1256 1494
1509 1769
250 52
1194 66
1157 1629
321 1577
661 1856
1098 754
159 1809
401 1697
1483 470
1223 1707
306 148
31 623
1611 734
1636 1119
776 755
1571 746
490 724
26 1164
939 1012
31 923
954 437
789 681
1181 395
1050 1401
1591 909
1260 1438
966 1832
597 1824
1554 1332
1153 1032
1010 251
1401 1345
1157 1701
1773 506
862 925
419 862
131 326
517 325
452 1371
745 74
842 1864
1705 1142
1814 308
349 703
862 757
511 141
1501 1175
1379 826
1325 1120
926 1442
349 836
1521 832
1877 872
1560 1517
1214 697
1534 271
588 1725
32 1387
1452 1188
1039 1618
1583 512
1727 594
1421 19
1427 1683
328 305
496 1757
721 956
1373 856
903 1175
1020 870
92 39
949 1037
768 1888
987 1062
688 1025
1829 384
1784 1817
932 1037
1581 911
829 1738
912 707
719 507
1801 1266
1321 371
1636 758
258 1780
1085 1842
864 1150
15 183
1662 830
46 461
1372 567
1262 509
914 201
501 1069
632 957
865 262
865 1247
373 1617
916 1830
1387 537
1236 1812
1484 471
539 489
1059 93
969 1025
791 648
1239 96
374 512
171 1528
868 1088
996 1278
1604 1704
1255 1711
657 862
1399 853
1165 1878
1112 1822
137 1126
374 658
1773 211
754 1017
1637 885
113 1535
1515 1130
1844 94
1127 547
476 1832
614 1413
754 1391
286 1147
1803 1603
410 1675
1738 1221
831 1269
885 404
1354 1164
758 126
280 799
764 1307
1878 1579
788 1114
1706 1878
1145 1621
1040 1842
1645 830
1731 735
576 1619
1160 1398
827 814
822 1107
569 1224
1690 898
411 871
49 113
448 1703
343 1217
80 1038
1227 79
936 355
863 843
1356 534
812 1382
277 1672
1691 748
242 1445
894 738
643 270
1022 1122
323 764
56 1732
84 600
138 1257
830 1291
225 483
511 1202
1017 1846
1847 1128
65 1585
975 1105
1598 928
605 335
423 701
1414 1773
1402 106
1407 1482
922 1002
593 480
235 758
1292 784
581 824
775 228
1532 812
1648 63
1141 266
442 459
130 104
1655 971
1024 344
982 505
885 236
660 1746
180 25
959 1860
815 1253
1487 1156
1756 1393
1377 1247
910 1365
52 330
889 322
55 1673
1 388
257 1075
905 1720
786 1864
639 791
1460 1494
223 552
492 1804
897 682
209 1745
536 767
948 202
729 1257
996 1506
1054 718
43 262
215 1426
919 1364
1155 1010
897 1652
842 1729
1360 1325
1698 397
1453 723
67 1421
599 381
120 1354
81 944
250 1026
255 1810
1641 674
768 547
751 1114
110 1463
556 1211
104 759
1771 187
1629 433
18 60
821 1170
703 664
616 925
1060 56
1369 772
1048 575
926 1462
358 812
1820 999
664 865
1298 1518
625 543
18 1389
920 767
920 243
396 1731
1786 1308
1332 227
1731 1663
1292 1769
467 1538
180 940
787 468
632 1415
1134 828
800 1539
1787 1462
1261 563
267 51
1163 780
429 1544
530 1036
757 317
1690 1305
1012 110
1866 439
474 220
329 1534
434 1541
1211 1200
1702 1099
579 1287
396 1592
504 1583
476 1690
418 1571
1344 1139
617 446
490 1019
1269 634
1414 710
1375 1142
751 601
1712 234
694 97
628 1861
1307 739
818 157
914 966
1361 557
1707 1031
348 1129
1679 597
818 1876
248 400
1065 923
765 989
1202 1887
768 1224
364 1513
1428 1715
922 1042
1757 503
1231 401
1602 240
691 1289
464 342
329 1260
1165 1027
184 786
461 493
496 1558
1408 35
859 274
1387 199
1600 511
637 259
1340 1883
425 874
1210 881
309 1263
1407 304
1709 1663
394 891
791 1482
1423 1093
239 1207
1333 527
1061 1570
710 419
466 877
376 1173
1540 786
761 1054
1535 1521
987 186
685 39
794 1023
1686 958
931 709
222 1405
105 193
602 1681
1716 130
1663 1212
248 329
1377 232
1165 1441
1656 152
1347 447
993 1690
1435 1818
440 892
1009 129
395 1050
591 1044
900 434
1580 78
981 1864
273 689
1557 685
765 88
1071 386
1093 1650
279 427
1827 1275
1276 1329
993 1378
310 944
986 1314
296 1263
301 570
1827 1798
967 971
714 504
16 249
347 1325
1589 1700
420 1035
280 1844
1514 1828
713 1402
737 1669
1759 866
1809 1656
1853 965
1808 676
625 1071
72 1332
1683 111
408 1337
361 1886
365 1874
486 1146
666 584
1180 625
37 1094
501 577
1519 924
1134 338
1815 1687
1479 1262
862 1183
716 616
248 1762
1061 628
1419 1116
490 860
1265 1485
599 1460
157 823
507 1475
703 570
1203 1082
232 357
717 204
944 519
190 1459
1206 1052
1698 67
1009 39
1470 1190
946 1676
1637 616
397 1570
735 1520
84 616
1110 1697
1613 311
1476 946
1331 262
759 875
681 595
1122 319
684 549
1406 576
194 435
1764 163
1104 1455
318 1488
789 949
371 1237
312 1340
1368 1443
690 1839
1397 1045
1455 1136
1243 1065
1433 1466
735 1220
1161 1792
258 1689
950 566
1393 318
664 595
534 793
1788 610
37 1161
1332 393
255 571
245 319
1653 234
1471 51
1152 1466
1073 1155
60 1777
1107 1111
813 595
630 1372
1837 1412
750 1780
628 560
392 899
653 464
709 66
119 469
1128 412
331 1815
1047 81
1523 1658
289 1253
589 326
175 1348
1881 767
497 1426
1049 34
57 1382
207 1448
928 251
1849 400
1542 1880
516 897
927 18
107 1340
703 423
1387 1372
54 921
1297 873
913 1009
715 1100
532 99
172 38
805 281
1394 1051
964 783
1488 1400
708 826
831 1310
1179 346
762 609
1130 135
1571 670
104 1090
194 543
1823 799
1628 1751
920 1477
1542 1288
1892 358
497 1114
1264 882
156 1789
162 1593
580 308
706 1420
804 1204
1484 573
1765 392
190 274
1123 1403
1185 1477
1395 1791
1513 1385
3 1789
1668 457
1636 1006
972 188
481 862
1538 1863
1564 366
1295 673
283 206
144 1577
255 1324
974 1219
313 676
172 1332
1818 915
290 1171
476 1152
659 1332
981 472
62 1077
792 1786
1298 1797
1211 750
1325 441
429 127
1146 1778
207 1678
1274 839
1030 1253
926 988
899 302
983 1359
245 1246
1718 649
760 1621
484 204
1401 1243
312 411
85 881
297 453
566 607
1124 1251
804 973
1282 672
1866 1295
1614 1155
1663 1830
1230 271
518 926
598 379
1840 947
1611 1230
1238 1622
334 850
1338 814
1418 1094
1851 987
1175 1820
214 153
1346 119
1276 970
104 1845
67 71
526 1299
1701 1104
1841 157
1526 637
1606 1129
1799 1724
1792 1490
1582 1072
1673 694
1182 190
1093 1398
114 695
387 1755
881 748
1628 1054
1615 1243
1417 485
175 1131
645 650
61 1312
871 228
1051 1804
669 525
1590 306
1315 821
171 1056
415 1374
1782 1728
1685 985
16 386
582 1764
543 1757
1736 1756
653 991
174 1877
1064 761
345 892
73 799
1333 1452
1652 1319
893 1164
316 675
1336 1873
1115 1633
207 579
321 1829
1753 248
1443 1049
1455 615
617 1475
722 1853
1753 399
1755 623
687 650
543 904
1894 490
1564 31
212 1675
297 228
1130 731
1086 440
49 1813
419 1041
572 1556
1420 1523
1034 280
555 950
1486 1646
747 125
1038 152
39 662
131 447
1551 137
118 950
598 1388
10 174
1026 315
243 1217
1003 691
1414 1372
1763 1210
1165 1484
1126 1070
859 381
1544 1118
1850 914
908 1620
553 1108
558 1596
422 143
414 573
738 1228
1558 544
1004 801
1104 188
681 737
789 1410
382 1268
387 986
1075 1722
113 1691
499 1787
1730 231
1088 1644
67 115
1516 589
168 696
1600 119
1353 1532
1018 194
609 1108
473 690
1069 593
406 1847
1021 638
1614 1438
104 1514
474 1620
1563 556
1555 1464
1548 1223
1324 358
1438 1873
1045 518
1386 508
124 396
1751 1346
353 533
483 1019
1695 1244
1041 1402
416 229
1077 956
1701 1487
994 1889
14 239
657 728
754 1873
261 421
1017 321
525 1555
1336 1849
1498 305
409 653
1018 1440
567 18
1184 1869
743 1622
1804 695
1380 1816
726 1364
298 1731
404 306
137 1757
556 495
815 271
1824 312
1441 1168
562 881
692 1418
1796 1736
1317 1698
1586 1669
134 748
1138 1012
82 235
1604 1565
1023 1311
178 773
405 694
870 778
495 1894
498 129
374 33
1293 1728
1504 140
509 588
1100 781
1427 1852
667 1378
1499 1378
1676 1865
881 313
1206 1285
673 1195
44 70
1736 1025
273 31
326 770
705 229
864 1181
234 1510
1884 367
1092 96
38 440
133 16
403 973
863 114
1022 182
1463 1263
1233 1418
1384 1065
107 123
1713 1552
1049 182
18 1233
392 1132
187 239
1801 1429
313 116
1771 1130
1041 870
1771 1080
424 295
252 322
432 53
1575 1624
646 1032
976 1295
814 155
839 810
1455 525
1034 405
350 1154
1425 1277
857 1844
1252 1885
1801 513
1013 243
1086 1678
724 941
28 1576
1877 1029
858 885
697 1648
892 1895
116 753
711 467
664 190
1089 67
747 1259
1692 1412
1446 1590
114 665
1428 81
1346 1334
1890 73
784 836
1868 350
383 747
1120 271
197 94
1652 1220
1473 1641
827 1397
948 1548
296 477
1044 750
431 185
1665 493
889 1514
1526 1110
49 175
344 173
1010 954
511 1525
810 159
1878 1805
1038 795
1802 1363
644 1520
825 775
644 478
204 1374
1798 1657
1340 179
1182 664
400 1898
694 173
1632 1064
218 634
511 322
927 1141
219 1462
602 1231
1643 131
458 272
506 1478
803 1068
564 769
1520 1408
1472 516
216 771
141 1107
933 909
339 84
481 403
981 1555
49 1268
67 933
779 827
600 1660
1045 321
1481 1516
1667 800
1251 375
174 1728
1787 1454
1543 19
1218 1256
948 151
353 821
1301 1279
787 830
1061 598
523 80
913 615
1375 143
488 1577
1676 1602
1242 433
1579 8
1100 1001
368 129
442 1154
626 452
985 48
413 1884
329 972
206 393
381 1044
984 1459
199 103
862 75
1892 827
570 50
527 514
1866 126
1541 614
1722 1655
719 425
158 184
595 1350
1014 768
38 775
250 574
33 1540
1729 5
675 902
373 1872
1009 442
660 845
796 149
654 1042
121 1355
685 668
1759 1000
168 719
647 288
1033 1114
1488 473
619 1271
854 1553
257 25
466 789
146 968
254 1114
107 136
88 1000
1024 557
1287 1829
634 734
518 1238
5 1863
731 715
1145 1516
1477 677
1664 1695
172 1851
1255 85
1167 1295
838 519
1495 144
1141 932
1082 456
1851 425
196 1650
407 1182
133 899
708 1713
119 1049
1259 906
1264 375
1748 690
1287 1744
556 274
498 97
131 1746
1426 964
310 1896
844 602
1163 576
1167 1701
458 310
479 841
365 1123
1593 1415
1878 812
551 676
465 348
659 53
208 1134
982 1130
66 551
1261 841
876 1680
373 1278
291 1672
1449 1154
806 786
66 1494
1238 1661
1197 210
1262 1125
700 1895
1615 948
800 1151
185 420
595 551
663 1482
950 933
919 1460
373 1441
99 1838
1216 957
122 1120
725 1191
462 1717
634 1411
1059 1509
1266 623
1492 631
950 1533
1135 844
449 1445
1811 1162
241 1639
758 201
1788 1453
1206 1666
888 1097
1154 1636
1506 1192
1534 238
1713 609
735 682
1210 1840
145 827
1005 1459
738 519
1627 850
264 292
975 493
594 1024
1499 211
976 712
1479 1571
897 548
1688 1741
1696 23
1806 280
254 1731
738 343
1023 1482
1842 161
1772 302
667 835
418 480
810 1852
1348 857
1381 1293
969 1213
1740 834
1562 517
74 1570
556 902
435 1555
1841 359
1252 1017
442 1499
980 160
1767 1769
933 668
779 206
277 1863
1359 317
861 615
1634 553
619 696
1235 1714
879 1067
445 1703
744 1085
1591 1226
917 972
886 606
1111 1304
1372 396
731 196
189 1086
1600 521
1814 1644
1372 13
1354 1112
950 394
632 691
1653 1215
1522 1418
351 1854
124 1144
814 521
179 1809
1615 404
1557 1641
1603 207
1866 560
403 556
103 1161
856 1213
1590 1230
825 1805
143 223
1769 1447
1250 1679
1116 1280
1220 281
1159 1666
435 1833
425 904
1511 280
1012 1246
1197 771
139 921
1438 125
605 685
1545 1421
1233 990
1320 919
97 1577
111 145
1006 649
480 1160
3 1740
100 1832
1835 360
1777 1424
834 711
1705 1422
1126 1721
1525 1750
1749 1452
1697 784
21 446
1126 724
284 1373
400 390
1413 763
1498 1113
621 1630
337 1615
859 424
1659 541
1738 224
1549 1805
1698 208
777 1552
43 1845
1117 1188
179 85
1233 495
1889 538
1021 122
48 1091
944 1339
1372 44
963 1454
704 1733
852 147
503 1338
635 331
875 920
1221 526
996 1377
914 668
1178 1750
56 1185
1000 1870
670 1304
870 1749
659 1700
293 774
846 1829
1268 1695
179 779
1492 1373
67 1179
1509 932
1166 97
1535 1039
857 1805
4 1339
1639 795
838 7
786 66
87 599
741 568
1152 1069
924 817
1853 1571
365 182
1520 1189
1507 1591
1029 761
23 748
1289 936
1178 1295
784 887
1808 846
128 927
1650 625
258 781
147 1552
198 1378
1493 1503
672 113
1659 1678
656 1262
1745 1694
554 646
144 1529
1183 147
1026 649
698 1890
388 958
666 1037
522 1577
1011 1445
1684 414
155 530
1802 1000
976 744
597 1067
1397 485
249 167
829 761
983 1762
338 411
927 1227
788 857
704 1252
596 1720
435 654
28 616
1025 48
277 222
1292 1739
790 1248
1373 1184
1302 1023
352 1359
633 1207
1233 512
1673 1429
144 1069
351 157
1891 1643
1155 1877
1517 1576
1758 1210
703 1745
870 1897
698 1619
1316 1232
777 245
692 1853
1460 1872
573 1106
1555 1493
99 972
1329 1071
1339 905
391 478
920 1874
528 1003
1729 1570
510 623
527 53
1004 455
1160 645
1498 1884
374 1502
1443 1106
683 1084
916 594
336 896
194 861
1739 617
579 578
513 935
1429 41
1231 1162
955 712
1420 200
1000 699
1536 1402
508 1814
264 320
212 1867
1261 207
17 1641
953 419
762 1288
1282 1059
1165 762
1749 1283
39 1674
511 1136
745 997
267 529
860 600
1632 963
509 1538
28 1660
1312 537
1004 795
210 1674
175 1019
1241 907
971 1489
190 47
186 495
1189 1259
400 1022
853 787
1729 408
1178 1003
1010 55
74 1336
631 1266
1664 1271
1057 507
253 630
1796 599
1654 1706
928 1578
1341 944
29 1018
230 1614
1091 26
230 804
1407 1843
458 1655
1294 1678
1451 1571
705 946
1164 1154
89 1206
957 1436
950 41
148 1320
1769 1317
1183 830
1433 176
1415 276
1671 1157
1359 369
880 39
785 1719
1782 191
54 1082
1027 217
1884 1620
126 1756
1391 1511
1322 1384
184 819
526 17
488 31
1346 529
1070 1381
693 141
1011 389
755 949
687 1484
471 232
848 728
378 1805
660 446
1447 1186
738 393
207 350
1522 585
1022 1411
1835 819
140 11
826 1391
214 183
231 1311
92 230
1406 1862
891 792
819 9
53 1821
283 1295
475 631
699 1710
1458 626
183 1869
453 120
1810 609
34 1692
488 902
373 836
1528 626
1810 1389
778 798
1448 1858
1027 1785
1007 887
1847 1
1251 19
1209 1455
1138 228
1081 1499
339 670
1251 1746
1394 1709
789 98
495 1683
1556 236
358 1263
1410 1832
392 832
954 1896
1696 1054
1775 1072
540 1676
560 670
470 416
917 977
1867 1605
866 874
915 860
569 1235
152 1126
790 1264
1158 527
34 504
1340 1678
1585 1432
803 1025
816 10
1778 1103
1673 1066
684 554
884 1718
1437 1847
417 1244
1409 1707
289 276
570 1396
1854 1690
1182 627
1444 844
1428 1828
386 1426
429 1004
519 1177
1679 771
607 221
951 1215
1657 1022
1805 1279
1073 1451
1870 420
1403 707
262 1218
1021 899
448 1830
1227 368
108 259
1768 1278
1376 997
1696 1780
14 714
342 1814
1220 1463
127 734
1037 367
892 1379
1173 1297
685 1345
1222 515
1531 240
252 1443
734 277
1101 1159
179 562
811 1098
382 211
1185 1322
52 1068
639 1196
946 760
711 1560
1690 1022
1163 275
1695 1141
302 1694
1095 700
1448 1340
1138 1455
1773 1875
1718 1819
1552 761
549 841
969 1760
804 1702
353 526
1256 496
280 1356
1727 161
677 693
516 278
1028 222
745 1167
1535 271
1233 248
133 47
163 1494
383 1733
1084 1411
508 726
1323 849
1211 1851
337 417
1661 898
1493 1628
180 927
206 1663
888 774
271 189
1616 1023
1897 582
411 1249
1796 574
580 1742
1163 1131
892 825
1855 608
63 1252
357 972
1639 534
826 1048
817 1814
1750 1369
1598 1190
1037 1331
701 1610
985 815
1283 919
801 1015
1087 1096
1240 306
1878 594
1870 363
1705 601
1239 338
26 1725
512 1562
1781 292
190 1092
1123 908
1432 1693
309 921
1339 615
164 776
1734 250
1377 1266
1747 966
1245 1144
770 90
435 1630
1719 1430
558 63
1657 1714
1443 915
1056 1315
805 432
1003 675
656 641
918 1324
327 1382
1315 1829
1737 761
577 1486
904 49
1251 944
133 1507
1285 1772
1756 1326
257 288
1514 1474
874 265
1823 570
404 1212
965 608
1039 1683
1360 740
968 862
1186 1650
542 1169
1696 1312
494 879
160 236
1022 504
1230 499
637 1860
1562 1780
1255 125
981 414
863 1582
1798 1639
112 419
852 446
1860 985
954 929
1164 1760
501 1282
1637 561
634 355
495 542
138 67
426 1800
411 775
642 628
389 1751
257 1735
547 601
1064 1574
932 1779
1635 30
1864 1343
110 763
1618 723
1521 140
1037 1187
837 1609
1005 1162
1121 1500
1471 1138
1395 1014
1204 773
193 1374
1266 1073
1797 597
1540 766
386 544
817 1320
52 690
504 952
37 866
1709 1892
164 1414
1394 1728
1126 397
1536 1031
1665 1208
9 633
1022 1636
12 1337
623 1406
519 1630
1415 792
852 511
1643 1685
69 787
48 1780
1141 230
414 1027
1136 1327
677 864
1474 1842
1702 807
1043 1101
356 819
1577 1284
1701 1042
248 276
986 475
1795 775
1777 1477
639 1311
797 1105
278 529
513 1476
986 1682
1334 1680
692 118
734 679
19 365
442 938
1353 1359
177 301
639 370
1442 48
809 1181
151 442
646 240
459 1082
341 1347
1523 321
286 1839
957 1640
1311 874
1390 529
743 1566
192 602
1549 1384
1435 1122
90 705
1292 723
729 1269
158 1480
75 750
762 996
138 1722
841 654
1397 1677
1078 1258
687 420
493 1869
1670 496
776 1669
209 1251
1617 1459
885 1277
295 255
521 975
1295 1507
547 630
825 89
136 1649
1617 551
1326 231
901 1121
676 1648
710 1852
688 600
1132 448
1017 628
1018 323
365 1041
1366 7
1661 1765
1737 1803
1207 1033
859 1681
1563 1249
387 1137
1308 1556
1302 592
931 1457
1833 1608
623 902
467 1466
1070 1502
793 1854
950 225
506 218
703 305
604 1835
202 424
107 829
601 1243
918 1749
69 39
1782 1898
1428 1594
687 1472
55 826
516 599
1192 339
218 1474
61 598
1234 466
922 1777
68 10
1230 405
1573 577
1314 1002
252 849
860 1167
44 1011
588 1733
1350 986
1630 808
584 859
803 254
756 1893
536 488
1341 564
540 1275
1617 1343
1419 986
1253 1082
333 733
916 1157
1731 892
1070 350
616 660
385 1300
1314 993
1867 1460
1844 281
1572 1451
318 996
1593 1856
578 1703
1700 463
952 1603
282 1384
1363 1339
260 1228
1213 272
1640 141
1810 258
1324 1681
1618 1326
1525 1069
967 273
1324 1887
202 1328
889 51
397 387
1629 1402
452 724
937 1238
668 1884
4 1814
572 1840
139 1751
1510 830
277 1664
960 386
1716 941
718 220
1344 833
1772 1115
865 653
131 1798
1637 128
946 859
1576 1581
306 1412
770 513
885 1300
816 569
949 848
1591 1241
1232 1577
780 1179
933 168
1758 511
1685 179
143 1505
658 1477
1296 971
287 1062
990 1367
431 680
1255 286
415 1898
1772 1080
1890 1621
1149 1619
449 1125
122 382
1348 2
730 1339
1791 52
920 19
772 43
1089 63
1759 317
564 1044
1060 1822
1465 779
1688 273
676 961
513 568
1183 1624
1339 1820
1373 259
1865 1601
815 189
1836 515
1473 1671
998 1031
1116 1177
1698 1383
1400 434
1701 92
1543 1180
1567 818
1041 1330
1527 1242
1033 1226
893 1668
1606 1863
43 580
1615 267
1569 1366
1276 511
395 204
1676 695
685 67
913 1003
142 216
1097 703
727 1398
1230 1648
938 1280
48 1286
1191 944
1817 94
594 1843
1175 823
1879 1193
235 1576
1543 1715
1665 1832
954 1812
1338 1674
1054 1097
340 359
1551 1697
1046 880
1562 252
1173 1096
156 1384
1598 1334
787 1582
365 1089
1160 193
1068 507
433 142
1036 131
1895 981
1116 1583
1521 1847
1344 425
461 1455
688 1714
149 1544
78 1222
193 447
1097 1331
167 1342
441 853
1824 668
285 92
864 1772
168 1355
1092 704
1187 1067
1825 708
741 184
979 1003
1380 1038
1469 1148
398 560
135 848
1033 187
1551 1253
1522 326
1026 1617
786 83
492 1473
270 366
1551 1896
1195 8
1815 320
68 784
1461 788
934 1126
60 1384
640 999
1165 1238
1157 680
1162 299
982 608
1175 1831
1087 1513
1259 352
1548 152
611 558
156 779
326 1129
51 408
940 579
573 53
616 1642
464 127
458 1360
1787 918
1375 1261
1587 276
1808 1754
1318 1073
967 1656
186 713
1364 899
911 1621
781 1188
463 1651
1427 1772
195 307
331 93
1007 742
444 440
1634 1295
1573 1799
367 1696
1602 1548
1674 1718
1739 298
341 472
169 1825
1003 166
1358 1772
889 588
1102 617
302 1812
1751 703
336 15
506 272
1802 1020
1797 535
249 1810
911 298
1078 1740
1118 1142
1843 981
1335 415
921 1440
1727 434
1668 235
465 1683
1588 399
403 1302
1034 243
134 729
292 474
1633 1043
644 735
1451 1610
1757 1715
555 354
721 151
1002 626
157 217
229 217
716 547
534 462
1238 685
1874 663
1638 777
491 6
238 797
552 654
1340 272
1724 367
902 1672
1165 1112
1424 645
598 303
934 881
1316 945
1494 666
1009 577
1283 497
510 1750
685 1514
1416 95
1343 1048
776 487
916 705
1753 1460
763 1018
386 761
385 712
348 1375
1508 869
1862 688
1390 506
790 1391
1201 314
568 1306
1270 547
351 712
733 668
1104 525
1161 1133
465 1364
745 208
160 1577
539 1805
1311 64
1802 40
1012 731
1260 57
305 1228
91 376
808 1688
1084 1735
548 944
1829 1788
972 649
328 1858
1874 266
1490 1159
474 100
1206 1815
46 772
259 1237
71 1099
1370 738
607 1852
662 994
1536 845
86 1245
280 994
1661 1160
592 589
1831 1477
13 348
701 698
1135 582
923 489
1653 1399
414 1447
708 445
245 54
1572 1286
677 1359
605 305
1860 827
1191 111
1542 1146
178 946
1259 626
779 1115
1200 751
764 1250
1793 63
162 1520
403 189
957 1669
890 1569
1639 1589
570 1379
1649 1720
589 1824
1048 717
938 401
135 742
1343 599
832 92
947 335
992 1148
1017 1527
878 517
1468 1383
1538 1084
372 324
500 1411
38 1045
721 101
1523 73
1444 1637
1848 560
262 1779
326 1791
1238 1021
1566 1048
571 885
1515 1869
1425 392
988 1497
857 1035
280 1044
604 1376
1406 723
1515 475
522 1305
1048 374
1824 346
732 1017
1750 469
1000 880
285 1316
287 286
1658 241
1452 1264
1186 1166
61 1003
598 332
330 1284
488 641
625 56
370 1198
1194 997
1766 891
1244 1760
134 214
576 29
209 1137
1637 2
22 638
1665 396
157 664
1370 1489
1311 1771
1264 1324
1314 1866
677 1707
1319 632
1013 878
1816 885
726 988
40 465
1461 1707
47 1739
97 1376
8 1067
765 794
1619 1456
1767 1593
1807 876
832 1370
1602 948
208 892
857 1088
335 205
63 723
1554 1526
1322 1130
889 301
1463 1096
210 526
1360 1150
1563 1887
1282 1612
1434 1183
1624 1216
431 44
722 1665
319 1526
1799 568
353 1306
1729 306
695 865
236 714
1451 956
1658 412
1381 598
682 998
544 1128
1228 456
722 1189
1527 16
1798 338
573 888
196 1307
111 906
513 957
1745 869
206 1392
1053 1299
163 543
788 915
834 796
1701 611
1088 1654
1143 662
1844 89
894 1563
856 1527
650 779
1590 761
427 465
924 27
1727 1259
214 755
1295 1886
1478 949
415 1131
445 925
775 1436
1678 1316
161 515
1233 882
1706 1569
64 1511
1252 1036
1637 1572
1537 1398
203 1168
1816 1852
1844 269
153 1729
1471 244
145 623
1733 1178
1493 106
1758 1208
1572 102
1241 958
977 197
632 136
588 741
727 511
1254 1373
1658 894
656 184
970 141
670 1751
845 257
1553 675
1479 168
1895 768
354 829
1154 1086
1291 433
1823 1273
1355 1692
22 1047
1069 700
1177 779
1469 814
185 438
1820 691
164 269
1801 95
105 1628
697 847
1118 246
1419 1853
403 7
1166 1743
1384 256
47 1441
391 900
1681 347
1609 1072
335 1111
856 540
1274 762
1576 601
671 1484
620 1615
330 1832
1767 1417
784 1365
163 444
319 935
1570 1654
934 1780
1869 900
642 1192
175 1857
1604 1058
1290 547
198 1662
1234 182
1794 907
724 1488
540 1782
1506 1366
942 1734
1173 342
1880 430
349 905
1463 147
1163 1514
888 1271
694 1400
396 1202
1310 129
856 415
825 1693
829 1721
1721 118
871 1287
1559 1330
344 439
381 1836
1721 751
1214 232
196 168
462 1716
656 316
115 1672
293 1257
1016 220
529 1578
859 1416
1794 1314
997 67
409 860
990 1515
149 1525
1286 1696
439 593
1045 1766
206 1843
90 363
757 509
1769 928
1461 1696
752 1426
109 76
534 502
1403 62
562 1817
1791 1302
299 336
114 909
1176 1651
1524 1154
113 987
1813 1232
1285 1273
1563 1523
1296 1795
959 157
895 1170
901 521
1505 1345
5 72
1733 1036
688 1057
1387 1781
1061 1278
820 1265
1527 1677
241 119
577 411
1579 1545
1655 751
643 442
304 405
991 1730
1173 611
1446 950
1670 500
1675 451
979 1735
552 729
1326 1571
1383 708
133 1167
1287 230
643 1526
928 1026
1717 1178
18 1309
1009 493
988 662
1506 367
144 1433
1864 623
11 1321
220 578
1309 1784
1551 1596
1469 690
1538 1070
1013 1331
1552 1604
348 87
1605 422
1657 667
1452 780
1853 1827
1760 622
1774 698
1446 539
66 37
152 1458
251 1443
887 1281
1865 1671
1230 1816
271 1813
105 1034
950 545
399 985
1726 1378
10 1405
1644 1408
206 1413
1659 706
1576 130
109 528
386 1547
1712 842
824 966
1303 639
1800 1473
1096 1822
232 1621
1045 905
1166 1545
1715 1510
657 1237
699 1805
1317 728
1364 877
854 4
1313 520
843 1137
389 779
997 1719
87 194
652 996
1798 1237
1733 365
641 1364
1241 614
1607 1726
246 1169
1409 352
508 1723
1052 1047
914 1793
1412 1878
1409 59
145 435
1558 1800
498 1524
1111 1503
1200 117
219 715
1563 367
1056 694
1452 1467
1475 726
996 1420
835 1895
1772 810
1533 1583
1097 700
118 1528
1151 1562
1418 690
382 1461
1423 1473
417 863
1044 1854
1855 1621
1783 519
1267 1648
1494 1251
1873 1547
1591 1562
175 207
905 374
489 1680
1340 33
151 677
833 1704
1426 1231
1639 546
732 1048
955 1653
501 753
306 1332
621 1420
382 599
1831 824
272 767
523 1648
770 1305
650 1834
1634 202
1183 1550
1307 824
453 747
543 1641
916 276
1047 931
1036 168
551 271
482 555
924 368
1717 309
1399 1019
1221 393
1895 1606
1373 1015
527 1804
1038 28
1865 1617
512 726
795 1647
1098 1548
675 537
956 1740
900 1862
969 169
748 1139
1119 1599
207 1687
1322 1070
1488 376
858 192
584 1387
351 1651
940 1031
1116 1194
307 1691
128 1342
1757 430
205 312
1025 946
882 982
897 598
172 1471
1616 805
1697 1083
1721 410
1727 1522
143 738
919 662
134 1123
309 23
167 1898
897 1227
1785 1851
1795 9
597 292
1884 163
137 1409
999 690
648 460
449 500
3 757
811 844
1577 726
34 1337
1090 1516
298 12
1042 745
1113 1500
1413 969
1650 578
1560 794
746 294
1801 301
416 1707
1802 221
1019 1252
606 1333
1578 1620
810 1527
450 1135
439 856
1376 1811
1788 1676
5 726
81 489
1348 1698
767 937
511 334
736 1808
691 1795
1395 822
242 1063
1445 536
1609 1144
995 1773
112 273
711 144
326 1394
658 1800
189 384
246 116
1611 1428
1587 195
762 1830
1247 624
464 1772
1615 70
459 1322
709 1306
1389 1816
649 573
1538 1201
1764 1358
1113 632
1154 1573
45 258
1309 198
1454 1755
786 1722
213 254
557 902
199 394
1316 793
1762 373
1052 950
1130 463
324 850
896 1829
1406 1802
1629 569
740 206
1676 1456
828 1768
887 635
1479 883
1423 913
906 1049
1634 374
1252 654
1704 1705
1806 907
310 1268
727 187
442 1742
688 117
189 488
1744 1012
1890 1772
542 1840
1791 899
1443 415
661 1853
1021 91
1177 1772
1128 1040
653 1416
1042 1273
1175 58
1787 83
868 596
1065 58
228 1077
1302 302
469 1223
1891 1566
1577 108
1432 730
1797 1810
1629 180
523 486
1012 1241
1010 800
228 1081
679 300
1441 319
1243 383
1025 351
1405 501
1733 1571
1468 1524
549 1000
488 1235
1639 992
1609 158
1206 1374
1638 1689
536 1216
942 1554
423 1286
1376 648
1079 1455
300 320
1680 1308
1774 267
1809 1517
1431 698
1244 1571
1679 471
1167 1067
1769 845
124 1065
137 1203
443 584
1838 779
911 845
726 1652
961 464
277 1469
971 51
1885 1528
654 1843
168 1812
1248 592
865 1807
678 333
820 1641
1240 907
289 1839
1158 498
326 1363
1555 213
240 1814
1025 1187
532 1216
1418 1252
385 628
1016 1657
1784 919
125 514
324 51
1054 280
1822 283
661 1267
1558 50
345 1391
393 1658
546 885
459 941
58 368
36 256
143 1508
1249 994
310 1104
389 814
1719 1085
48 74
271 1587
550 1143
1836 952
1664 47
1247 678
1708 1132
1543 1737
1200 319
1635 658
139 1021
1286 1347
1733 218
1696 482
274 1449
1153 525
979 1535
1419 31
702 1815
1726 1143
1125 500
1228 634
728 66
859 389
626 190
600 1605
1028 1793
149 1847
517 1335
907 1064
694 330
1808 170
641 1049
8 554
1708 1042
914 675
665 1883
550 1877
330 667
741 1174
365 611
659 800
1661 998
844 567
245 1383
1096 1274
1254 1623
712 284
955 154
1479 1723
101 497
1194 1823
1321 382
579 898
953 1076
1182 668
940 1238
1283 546
396 364
544 256
265 21
426 1543
1583 1723
1633 497
393 1038
1233 223
361 1105
829 47
293 1498
1650 1263
319 1347
710 1283
514 254
1670 1441
910 441
884 1253
434 922
449 1838
1815 1079
1234 1302
262 1044
977 1781
453 318
1416 54
843 1269
1123 397
1393 1853
1784 1010
656 1198
1735 713
1683 1123
507 1242
1041 998
16 263
866 350
1367 1702
1141 1776
1888 1182
1452 1849
1474 1875
1677 880
254 1381
1690 447
1859 1307
319 985
728 1250
1267 1207
802 1193
1774 777
203 68
1408 1611
1042 244
1779 714
308 1382
1145 1017
916 1870
652 583
3 133
1377 297
1264 633
1717 1796
58 1106
883 1108
1713 1280
1609 1282
1325 1113
1818 1412
1115 1773
1094 1125
1583 29
1866 974
864 623
843 761
377 119
1741 1308
582 697
928 605
1236 389
300 634
378 656
863 619
532 1742
466 318
1527 1113
1528 1061
1785 1771
1078 1554
1299 1404
991 20
1462 1220
1107 262
1845 326
553 1299
872 858
1707 555
95 1123
1707 689
1144 1625
924 1630
90 1324
620 1402
1322 1506
1063 1349
1472 1428
1066 688
1202 694
107 1671
1233 1172
910 622
821 870
1634 1140
952 312
1051 203
1542 830
490 406
1688 1035
1502 1437
1514 1266
536 830
503 376
1713 610
1190 1438
104 1035
796 1657
1771 506
405 157
777 701
915 16
1194 1478
82 1346
1134 1357
1171 1116
995 1707
869 1295
605 827
673 1826
624 875
1678 1689
1136 207
1425 1112
623 1161
593 1802
1464 371
45 718
616 1567
1823 1129
195 1154
104 975
18 1312
659 1417
110 1743
265 1275
703 1226
1796 992
954 419
1538 577
1550 1272
270 822
1348 972
996 822
655 745
797 1744
1540 18
1175 1430
1010 690
1641 1859
1435 1821
1799 26
477 1376
121 250
1831 1513
1884 1408
1278 1717
1488 1232
1304 1484
1388 1460
1063 1354
1042 582
1005 1240
1549 1372
1475 1062
487 1228
1832 198
185 971
638 1649
553 117
205 614
418 621
1684 942
1735 291
748 1062
313 1868
1778 764
286 1825
1657 1576
1647 207
597 443
782 1179
1020 864
1189 1686
1144 330
1619 132
1868 1471
649 358
1714 712
1770 746
1395 1447
1307 1042
1711 28
1276 619
183 82
68 909
976 1233
729 1019
835 264
1766 757
1753 544
359 664
342 1080
118 936
1546 1526
427 22
334 379
1163 1488
1403 415
437 775
1318 208
1483 311
1036 1223
429 1588
485 1638
1205 1766
929 598
1889 1583
1285 1697
402 1256
101 911
1639 1717
184 1003
223 145
490 773
177 552
1523 1502
861 1434
958 588
1302 868
1757 1755
859 907
341 642
1567 1353
116 1412
768 307
147 12
208 169
1345 754
255 1354
794 394
341 972
786 534
1521 304
753 1729
1336 243
1865 1395
394 768
617 356
251 1680
156 1002
1311 1082
1542 352
425 901
414 842
1071 873
1721 236
1747 73
734 987
890 932
1142 260
1397 112
1329 626
1318 1715
1748 1178
1885 1282
860 1284
1757 905
