1899 9709
1052 514
1705 619
765 710
0 1049
1 14
1 190
478 9
1 805
1 1407
1 1171
534 1780
1743 463
2 1338
2 1375
543 207
1288 631
1217 1615
2 1096
280 1109
2 1469
2 1266
3 341
1704 506
1779 677
468 976
3 1045
1551 1171
416 75
3 1244
3 1651
4 10
4 126
4 449
1769 717
4 757
4 979
4 1843
4 1409
5 819
5 948
425 972
5 1228
5 1355
524 1583
1019 1238
5 1787
5 1868
5 1897
1886 201
6 453
6 523
6 781
1190 1178
6 1865
1717 1372
1013 1514
7 1449
7 1368
7 747
7 379
7 1879
8 893
8 143
8 437
8 632
8 570
1315 748
8 695
8 1041
8 1138
947 1327
1729 686
8 1805
8 1824
8 1869
294 418
9 158
9 237
9 363
9 554
9 664
9 794
9 1776
9 904
9 1171
9 978
1019 1629
343 1863
10 106
10 1795
1029 459
10 1048
10 795
798 859
10 1240
10 1402
10 1688
1556 1733
10 1878
11 63
11 109
11 216
11 259
11 644
11 703
11 853
11 1247
11 436
11 1461
11 1663
661 725
12 537
12 789
723 830
12 1574
12 1152
12 1359
662 274
580 528
13 863
1602 1072
13 1676
14 156
1692 500
1616 775
1302 1075
14 562
1888 958
1093 652
176 144
15 393
1490 1350
15 503
15 1482
15 1734
16 23
16 406
31 1589
16 1182
16 562
16 1224
296 767
592 197
16 1536
16 64
16 1838
1594 1284
853 549
1477 802
902 830
708 1208
18 1366
18 78
18 115
18 157
18 205
18 367
924 437
18 1275
78 659
18 788
18 131
18 902
18 955
18 1830
18 972
18 1346
18 1569
18 696
619 1827
19 28
324 58
19 576
19 821
19 936
19 1125
19 1405
242 267
19 1477
19 1637
19 1826
20 384
1317 232
20 271
1468 465
171 828
20 338
181 1233
1174 262
1769 287
21 1638
21 386
21 997
21 950
1309 1053
793 1267
990 306
22 1479
22 1062
568 44
1621 1181
22 1312
22 781
23 58
23 122
23 300
23 440
23 537
23 1184
23 1821
23 1442
826 338
23 1522
937 1649
24 501
1352 569
24 939
24 1082
24 1668
24 1134
24 1772
251 1798
193 67
25 159
25 887
25 726
25 1824
25 1428
25 1313
25 1733
26 29
26 245
569 1225
26 710
26 138
26 1463
26 1161
26 1188
26 1593
26 1744
27 50
343 173
27 231
846 1597
860 985
202 1125
27 1090
27 1635
28 224
28 329
28 624
28 632
28 1252
28 950
29 476
29 1265
29 1002
1780 173
29 1587
345 1721
1520 277
1466 676
30 724
30 817
1270 861
30 881
495 1416
30 1690
30 1718
31 1299
31 130
31 1146
31 725
1644 904
31 1256
31 1271
31 1316
412 1358
31 1375
31 1736
31 86
31 1559
31 1545
31 1765
614 84
1586 1464
32 1874
32 787
32 860
420 1031
32 1186
596 456
32 1864
33 709
1685 779
33 332
492 930
33 1248
1443 1468
33 1521
33 556
152 244
1025 1750
34 142
1582 587
34 905
34 546
34 688
34 1051
34 1494
34 1526
34 547
34 690
407 1038
35 142
1529 1315
1782 1719
35 1882
36 190
470 908
36 512
36 547
36 549
36 603
36 784
36 1020
36 1041
36 1160
37 265
37 196
37 368
1338 483
224 552
1743 724
1280 821
43 1397
37 1076
37 440
37 1224
37 1232
37 688
37 1485
37 1755
469 1775
38 81
38 120
968 729
38 99
38 718
38 1435
1316 1620
38 1683
39 292
39 182
39 475
1888 1411
1646 889
39 1014
39 1012
39 1026
39 995
39 716
39 1307
39 954
39 1496
39 1513
39 1604
39 1617
1442 1036
39 220
39 1883
40 98
40 1268
92 686
40 687
40 1359
621 1381
40 1712
41 74
1623 382
41 1271
41 679
611 698
41 917
307 951
698 1126
41 1556
935 119
1224 535
42 707
1133 762
42 840
1137 1254
42 1271
42 1862
43 114
43 126
55 174
1389 319
43 1128
168 547
1250 783
906 1059
43 1383
37 473
43 104
44 73
44 194
44 272
44 299
44 342
44 412
44 633
492 940
272 939
44 1166
44 1180
44 1867
280 1432
44 1760
45 364
45 703
1616 945
45 1002
259 1216
226 831
45 1572
1046 53
569 55
408 862
46 369
439 1477
47 130
47 278
47 501
47 579
47 680
47 612
47 1015
47 839
47 1218
47 1282
47 1422
47 1316
47 1861
47 1611
47 1656
47 1610
47 1892
48 609
48 221
48 1665
48 1310
48 703
48 1826
48 946
48 1023
48 1073
1814 1124
705 1157
48 948
48 1288
48 1541
49 57
49 1543
49 371
49 561
49 905
49 1059
49 1111
1517 1118
49 1151
49 1599
49 274
49 1693
50 522
50 663
910 735
50 767
50 1058
50 1372
830 1687
563 1798
67 747
51 279
51 38
169 458
75 711
51 532
820 897
51 967
51 1000
51 1014
51 1090
1111 1183
51 1193
51 1713
51 1749
52 332
52 534
52 665
52 791
52 831
52 878
52 976
439 597
52 1529
682 1335
1551 1700
52 1416
1698 1048
1394 1519
52 1702
52 1781
52 1784
53 384
53 1699
53 837
53 888
53 1768
53 1093
53 1381
53 1399
1611 1500
53 1880
53 1680
1004 1764
318 962
54 786
1531 958
54 965
1618 1114
663 785
1121 521
54 1352
55 278
55 1195
55 1232
1455 1269
1721 1413
55 1558
728 1645
43 1438
56 197
56 667
56 494
56 578
56 588
56 617
1381 620
1878 627
56 1508
56 1018
56 1056
1827 1082
572 1125
56 1389
56 532
56 1676
990 1579
713 1864
57 199
1853 227
1817 775
711 885
57 1009
57 1435
1801 850
58 103
384 1455
58 589
58 831
58 1038
58 1447
1636 1475
58 1857
1701 193
59 270
59 148
681 490
1730 656
59 878
59 1075
59 683
59 1443
59 1531
59 1581
59 1678
59 1796
60 379
20 404
1714 465
60 591
60 172
60 616
60 739
60 144
60 954
60 1527
895 686
1307 6
61 1233
1362 1585
246 1040
549 1260
117 1362
1767 684
62 1187
873 251
63 609
63 617
63 707
1864 972
63 779
63 860
63 1309
63 1294
63 1463
63 1676
63 57
63 1857
64 457
64 474
1723 539
64 1487
64 1337
64 1403
64 1457
1510 1021
1548 1593
64 1624
218 795
515 400
1196 1721
738 1593
65 1625
745 1691
65 1750
66 67
1871 202
66 206
66 249
66 577
66 814
66 1068
66 1896
66 1227
66 1330
66 1766
800 1560
66 525
66 1617
66 1854
66 1881
67 58
67 472
67 511
67 960
67 650
459 1434
67 1025
67 1061
67 1159
67 1244
67 1415
67 1348
1768 1376
67 1377
67 1429
67 1098
67 1633
67 1808
67 1890
68 118
68 241
484 1552
68 643
68 663
68 232
68 760
809 897
68 1166
68 1446
523 1275
69 576
69 1514
69 728
69 1248
69 193
1159 1482
69 1487
69 1648
1519 1772
69 1263
69 1869
69 1864
70 91
70 320
70 583
70 1037
70 1514
70 1577
70 1630
70 1625
70 600
71 217
71 1213
386 588
71 675
71 1130
71 874
71 492
72 94
72 378
72 604
72 611
512 653
72 677
979 1049
72 1154
72 1443
72 1559
741 1603
897 1289
73 556
73 765
73 872
73 977
73 996
73 875
73 1160
73 725
73 705
73 981
73 1702
654 90
74 1653
74 241
74 424
1486 473
882 570
758 778
74 1768
146 1686
1230 140
1157 933
75 654
1897 557
347 1672
1617 779
75 1126
1217 1325
75 1433
1517 411
76 1443
1866 1706
1859 1895
77 175
1208 670
77 334
77 467
77 811
1721 1172
77 924
77 1343
77 1387
77 1409
77 1629
77 1690
78 132
78 283
78 298
78 316
78 952
78 1047
78 1620
18 1225
78 1547
1167 978
78 1583
78 1672
1739 390
79 650
79 688
442 746
85 272
1875 1022
79 1129
79 535
79 610
80 230
175 916
1814 1024
80 1152
80 1181
480 1205
164 1283
80 1434
1116 1620
80 1661
80 1757
80 1855
81 205
81 1649
81 1767
81 677
1847 1064
81 1888
81 1141
596 1177
81 1516
1624 1634
1005 1723
82 98
82 388
82 463
1046 736
82 605
82 777
242 848
82 119
82 1223
82 1526
82 1688
83 104
83 1169
83 1649
83 1564
83 1689
751 374
84 529
388 630
84 862
84 965
1466 980
85 519
1397 584
85 41
85 1307
85 1174
85 623
85 975
85 1112
85 834
862 966
557 1528
85 374
85 1781
85 1859
1385 347
659 612
86 867
1832 1328
1077 1399
86 1605
86 1689
1453 1746
86 1809
244 273
87 521
87 1706
87 717
87 868
87 1017
87 1237
87 235
1578 1815
87 1829
87 246
1897 389
1720 628
88 937
88 1537
88 845
88 1854
88 574
374 1371
88 1425
194 1451
1373 1882
1690 300
1804 507
1540 1119
942 1181
89 1462
1357 1571
89 1226
206 696
90 271
90 403
90 757
690 1504
90 1054
90 1124
90 1523
91 386
91 221
91 287
91 323
1749 956
222 1003
1633 1044
91 1137
91 1216
91 1293
1211 1421
91 426
91 640
91 791
330 257
92 289
92 443
1880 452
92 181
92 687
92 578
40 1099
92 1373
1344 1399
1079 1497
92 1462
93 449
93 898
93 901
1591 762
93 1513
552 1703
93 1851
94 1703
94 515
243 976
94 1106
94 223
94 1643
94 1221
426 211
95 298
95 395
911 403
95 701
95 882
633 1564
106 1690
95 493
1838 1301
96 1739
96 636
96 81
96 1836
1131 554
96 1602
96 1760
97 128
1355 383
97 419
1602 1007
97 1029
97 1283
86 1308
97 1536
95 1655
98 608
98 1603
98 271
98 1034
1672 1846
399 277
578 278
352 643
99 938
99 1693
99 1583
99 919
643 114
100 450
100 555
144 1068
100 1119
88 1314
1213 146
101 206
129 978
101 828
101 1612
101 842
101 53
101 1017
357 1166
101 1440
101 1478
102 247
1322 439
102 484
182 711
337 867
102 942
102 997
102 1503
102 1803
102 1090
418 1394
457 1103
1471 1819
712 1861
193 414
104 662
810 724
267 734
104 926
503 981
104 1243
923 1306
104 1486
104 1499
104 1510
346 1581
104 1555
104 1600
104 1678
104 263
972 421
105 773
105 800
949 802
105 914
105 438
105 1560
106 1447
106 412
1855 950
106 1153
107 270
376 239
107 411
107 1231
107 631
675 1750
107 1
107 52
107 1733
428 281
108 1107
108 308
108 1757
108 1167
108 846
108 467
806 911
108 1191
108 1885
109 346
109 1002
109 1175
411 1456
109 1458
109 953
87 895
110 175
110 445
110 605
110 1886
1010 1097
110 145
110 1719
836 1731
111 709
111 1177
199 969
112 139
112 1057
112 427
1175 689
112 922
772 1038
1891 1478
112 1707
748 1896
113 162
113 468
113 514
949 716
510 1136
113 841
113 396
113 976
113 1009
244 1614
1270 1791
1437 1857
114 771
114 666
114 55
114 1546
562 1380
114 1720
115 723
115 527
115 1148
115 1173
115 1409
115 1592
115 1665
1288 178
116 307
116 435
116 483
116 1378
116 649
116 659
974 717
116 1492
116 802
116 881
116 1404
116 966
116 1116
116 737
1659 1168
116 1268
116 1807
116 784
116 1595
116 485
116 1649
116 1707
116 1879
117 1553
117 460
1065 495
117 872
1230 1691
626 1084
117 1098
220 1287
117 1713
688 1756
62 1807
117 1851
868 1103
118 967
118 185
118 1107
118 72
118 1220
118 1089
1088 1084
118 319
118 1811
118 1747
1441 1848
1073 337
327 829
119 1022
119 1375
491 1549
1597 1587
119 1805
334 1878
120 260
120 292
137 1323
120 892
1628 1112
930 1123
1234 1194
1097 1283
120 1445
120 1718
121 203
121 1762
121 547
121 1646
121 1002
121 1146
121 1793
736 401
122 414
1727 556
122 650
1095 1329
122 1599
122 1633
122 1873
1126 243
123 191
1757 881
101 699
124 1507
124 196
124 287
1821 616
1164 761
124 796
124 817
124 530
124 1364
124 1412
124 1866
125 266
125 610
464 1040
125 1328
125 1594
1601 1644
125 1671
125 1716
125 730
125 1863
1813 1877
126 1538
126 475
126 10
126 1462
1831 991
126 1830
126 1182
126 1283
849 1354
126 1526
126 1543
126 1607
126 1661
1033 1718
375 94
127 223
127 405
1893 1706
62 962
1007 1579
128 232
128 434
128 554
252 1621
1724 1419
128 1702
129 306
926 599
129 48
331 790
129 862
129 163
1145 1530
129 1105
130 239
130 823
516 119
1428 505
130 753
130 781
130 783
130 1094
885 1214
1743 1451
130 1590
131 504
131 640
358 690
131 754
131 849
131 1031
775 910
131 1143
131 1242
131 1302
131 1324
131 1331
104 1498
131 1637
510 1657
833 1801
1289 813
747 950
43 1173
541 1261
132 1556
1783 1818
1888 1829
133 243
1454 430
133 437
133 482
133 551
133 758
133 865
1135 911
133 1047
133 1096
1533 667
1094 182
133 1217
133 1268
133 1346
133 1690
134 721
134 601
134 1395
134 1398
134 1572
134 1102
397 198
977 1455
135 1424
135 862
135 927
135 1714
136 1071
136 223
136 392
136 552
136 957
1045 960
136 1151
348 1157
242 1780
1824 304
349 1689
1420 176
137 1223
137 355
137 383
1312 543
137 819
137 1016
137 296
335 976
138 1562
138 1147
819 750
160 883
138 2
138 1143
138 1156
138 1122
138 1573
138 1205
138 1740
138 1746
588 1833
138 1841
139 332
139 1332
139 616
139 116
139 1232
982 1311
394 1397
139 423
139 1585
139 1879
139 1789
140 231
1360 1655
140 545
315 749
140 894
140 946
140 1152
140 1228
249 1308
140 1602
141 1187
141 599
141 438
141 568
1894 596
141 648
141 1367
803 870
141 1004
141 1247
141 943
141 1304
141 1443
582 213
142 280
142 1330
142 570
142 572
142 747
448 788
1517 915
142 932
143 240
143 1881
929 311
143 1520
143 632
143 1496
682 741
143 794
143 1014
143 1085
1375 1190
1537 34
1726 1609
144 1749
144 391
144 1343
1102 1178
1053 1821
548 1237
144 57
145 241
1032 888
243 699
145 977
145 1001
483 1235
1221 1203
581 1830
146 321
146 236
146 1708
681 1081
1397 1170
146 1174
1507 1446
1216 1592
146 1654
1290 1889
147 907
147 273
147 319
147 414
1260 484
1047 911
147 926
147 1055
147 1084
147 1094
147 1469
147 1521
147 1847
148 382
1692 584
148 682
148 859
1253 1062
148 1269
148 1781
148 151
149 688
1824 637
149 880
149 1875
481 1066
1598 1544
150 1880
151 155
1791 345
151 486
1429 490
151 570
151 1424
151 250
385 1099
151 1554
151 82
151 1335
851 1369
1066 656
152 674
152 775
152 795
152 1480
33 1489
152 1797
152 1846
1670 147
153 536
153 962
153 1461
153 775
153 1365
154 170
1727 255
1392 294
154 1632
154 1345
154 1432
784 1477
155 264
155 676
155 726
155 1095
599 874
155 913
819 547
443 1107
155 1570
1887 575
368 1878
156 1000
156 274
156 306
156 425
156 101
156 475
156 525
156 660
156 865
156 944
1819 1803
157 201
1691 470
157 612
1245 751
157 843
157 1842
157 1150
1821 1194
157 501
157 1237
157 1757
157 1766
1066 1772
157 1826
158 214
158 1733
516 434
158 1079
158 761
158 856
158 1543
893 1010
158 1260
158 942
158 614
158 1805
159 292
944 497
159 499
1540 741
1646 1074
159 1204
160 420
160 602
160 816
160 1841
160 1159
160 728
160 1405
160 1420
194 1461
160 1651
160 903
1164 81
161 168
1404 278
161 333
161 1334
161 460
161 967
161 1305
161 1379
162 254
162 257
162 302
1211 682
162 866
162 1245
162 1701
163 185
263 256
1574 508
989 988
1047 833
163 937
163 1008
163 1013
743 1083
1209 1360
163 1658
55 792
749 880
164 1640
80 1099
486 1479
531 1624
164 1778
1158 1895
1299 178
1120 952
165 1000
165 1808
1276 37
166 258
314 861
1772 1443
1775 155
167 1816
731 111
167 1000
795 1130
1209 1136
167 1221
1226 293
1354 1033
168 763
168 823
168 981
394 39
168 1164
168 1719
168 1807
169 380
169 445
169 832
169 836
51 1027
169 1435
169 1461
169 1805
170 189
170 467
170 739
1735 1222
170 1235
170 1570
205 1004
170 1823
171 559
1781 946
171 1012
171 1228
1392 1238
172 446
403 655
430 733
172 1456
172 1126
446 1248
173 185
173 240
173 1432
173 1488
173 1673
745 1764
173 817
174 1679
174 1270
174 769
174 184
174 1377
1635 1384
174 1434
174 1553
174 1727
175 364
1467 264
175 1164
175 960
80 1108
175 1134
157 1267
175 146
175 1325
175 1408
175 1537
175 1854
175 1788
175 1811
175 1848
175 1877
176 33
676 1850
464 1050
1059 228
177 259
177 975
177 1106
823 1269
177 1265
177 179
177 1640
761 979
905 1041
1157 1204
178 1386
750 1260
178 1622
1060 111
179 250
179 1723
658 471
720 500
179 530
678 556
179 1511
179 1562
179 157
179 1110
179 1297
179 1424
179 1569
179 1582
1404 494
652 1890
180 339
180 340
1005 424
180 473
180 1125
180 807
180 814
180 968
180 1060
180 1354
180 1558
180 1886
20 509
181 1632
1383 1062
586 684
182 411
1194 747
182 1170
102 1177
182 1847
1253 1375
183 784
183 1237
183 968
1516 1263
183 622
183 1514
183 1609
497 985
1342 262
184 323
811 1008
1231 1076
184 1116
732 1128
184 1154
184 1272
184 1435
184 1477
935 314
1697 1682
184 1799
184 558
185 291
185 320
185 725
533 900
185 920
185 1481
185 1251
818 1358
961 1523
185 391
185 711
185 1720
186 584
186 721
186 858
186 1788
187 665
187 914
947 1268
481 1377
1119 1569
187 566
187 1637
187 1691
187 1830
187 1874
187 1890
188 1700
188 505
188 909
188 1093
188 1118
188 1510
188 1675
188 1771
1031 1788
188 1192
189 1853
189 344
189 1308
189 668
189 968
189 1002
189 694
189 1242
1388 1274
189 1345
189 1394
189 1402
189 1881
190 230
190 313
190 352
190 107
190 543
190 659
190 708
190 893
190 956
190 1125
190 1129
190 1686
190 1384
190 1426
190 1427
1635 920
424 1518
190 1612
190 1772
190 1883
191 206
266 779
191 452
246 1282
191 1301
191 511
389 591
192 777
192 852
192 1062
0 1368
192 1417
1071 1762
25 288
193 621
193 1018
193 1100
193 1461
193 1558
1392 41
104 1688
963 1770
1115 365
88 396
194 1103
160 1356
194 1447
1727 1612
194 1701
782 1334
194 1777
194 1835
86 854
194 1863
195 1138
250 1261
195 1818
1346 1543
195 1583
196 173
196 648
196 179
196 1766
196 797
196 750
196 1824
335 1873
197 370
197 495
1177 701
1406 751
190 1347
197 1250
197 1532
197 1783
198 1403
198 461
198 1739
198 1312
198 1345
1535 351
198 1459
198 1488
198 1558
198 1610
199 243
199 266
199 538
199 626
763 723
199 917
199 1048
199 1232
496 1259
199 1275
781 1596
199 1648
199 1811
46 242
200 992
1050 1072
1471 361
737 631
1398 1792
1179 411
201 1317
201 1088
201 1353
201 1695
201 1877
202 413
202 339
202 826
1334 1860
202 876
1703 1348
27 1308
933 1538
203 240
738 290
203 145
203 1193
203 905
203 1239
203 1245
203 405
204 382
204 909
204 1333
204 1441
204 1449
743 1747
204 1834
205 620
205 621
205 983
205 513
493 1238
205 1168
170 1282
205 1377
205 273
206 265
1449 1686
206 370
206 1502
206 591
206 822
206 1030
206 1167
206 1188
206 88
207 1650
207 217
50 279
207 1637
207 721
207 1268
207 898
207 909
207 1006
207 1099
207 1130
207 1142
207 1173
207 1339
207 1624
207 1634
207 1729
207 1780
893 566
208 612
1072 1151
208 925
1783 1042
208 1633
1712 694
209 809
209 948
209 1302
621 1532
210 255
210 1859
210 832
210 858
210 1250
210 1160
210 874
210 1651
210 1768
210 89
211 447
1721 552
211 638
211 1766
211 660
345 1391
211 1512
211 1548
211 1611
212 1653
1859 1150
212 1287
212 1328
981 1448
953 1556
212 1571
1733 1300
213 251
213 526
213 1574
213 432
293 1774
214 1555
214 1015
214 1198
214 435
214 1877
215 483
725 741
550 109
216 869
505 975
1749 163
774 1778
217 996
787 1718
218 817
1744 1030
275 1099
813 1528
435 644
1064 1685
1474 1659
1295 1248
219 1647
184 1008
220 330
1497 644
220 1032
1177 1075
220 1198
1794 850
948 1265
220 1329
220 1430
117 1486
220 1792
220 1886
221 718
221 1266
222 550
466 302
222 1081
222 1112
891 1829
1883 1804
1401 751
223 777
223 890
223 681
223 1191
223 511
1291 1660
37 568
224 766
224 986
373 1077
224 1212
225 544
225 690
225 1027
225 1029
225 1036
184 1701
1120 1782
225 1785
225 1880
226 652
45 781
972 1275
226 1510
227 199
227 286
227 425
1175 871
227 948
227 39
769 1654
1509 1842
228 563
228 446
238 1232
394 1374
228 1406
228 1183
228 1075
228 1304
228 1702
633 1570
228 758
228 1797
229 283
229 552
229 488
265 587
229 596
1562 706
229 738
229 827
229 966
229 404
229 1479
229 1558
229 352
230 1629
1833 593
230 677
230 666
230 1072
230 985
230 1030
230 1213
647 1233
1288 1261
230 1264
964 1423
230 843
231 235
618 5
1395 638
231 1200
231 1328
911 1391
231 970
1756 324
830 1737
232 857
232 129
232 1558
232 1636
963 1812
233 1777
234 447
234 1053
1451 753
419 765
234 218
234 1021
234 1127
234 240
234 1347
914 1523
234 1721
235 368
1261 371
235 1542
1735 664
1676 373
970 806
235 1043
235 1128
1474 51
235 1694
235 1652
235 1731
680 1719
235 1877
709 1130
236 534
236 593
236 691
236 820
1644 1011
236 1066
236 1146
580 1364
236 800
21 1556
236 1729
236 1866
237 495
237 423
373 1787
1053 1262
1002 1129
238 1769
686 346
633 708
239 570
239 784
1672 938
239 194
239 1033
381 1082
239 1329
255 1632
240 1241
240 598
338 687
240 1166
444 1269
1804 1757
240 1613
1813 577
241 646
241 666
1748 688
241 731
241 869
377 924
242 632
1849 1019
242 1203
986 1271
242 1426
322 1400
242 1725
242 1615
19 1720
243 519
1460 1791
243 1035
243 771
243 849
243 1608
243 387
916 1744
1144 1797
243 1892
244 1693
244 750
113 914
110 1688
244 1321
1491 275
245 1055
1506 520
918 632
245 761
861 803
700 835
245 938
245 1210
245 1339
245 1494
245 1718
246 814
966 968
191 1054
201 1123
61 1528
267 1891
247 433
1457 1847
987 1436
850 1227
248 327
248 675
248 745
248 783
248 1047
248 1081
248 1151
248 1211
248 1443
248 1536
1566 1571
248 1732
248 881
249 367
140 420
249 803
95 1179
1677 1206
249 1560
351 1572
249 1771
249 128
250 472
250 519
1873 665
195 1599
250 507
250 807
250 859
250 865
250 903
250 474
250 1167
250 1212
250 940
849 630
1891 515
251 17
251 913
251 1280
251 1370
251 1679
251 583
252 308
252 657
461 405
252 1653
252 503
1179 649
252 781
92 796
252 822
615 1087
252 1099
252 1129
252 970
252 80
252 1626
252 1665
252 1854
312 1381
1137 1704
253 1711
254 406
254 971
254 709
254 979
254 866
254 1216
254 1742
254 1334
254 1342
254 706
254 1523
663 1579
254 1814
254 156
254 1830
255 336
239 685
255 1524
255 56
255 321
256 265
256 347
256 967
1710 1186
256 1628
257 409
257 620
257 634
257 1000
104 1051
257 1085
257 1578
257 543
1626 1495
1894 1017
258 578
1379 23
258 1412
258 1589
680 1643
258 230
258 1484
258 1883
259 490
259 516
259 812
259 1764
259 1487
870 1267
446 1264
259 1838
260 344
260 1487
1709 481
260 748
260 746
260 772
260 996
260 1628
260 1736
261 465
1298 155
408 912
261 1239
1831 899
1851 1696
261 1701
624 329
1130 340
262 987
262 1088
262 1241
745 1441
262 1496
262 1647
262 1741
163 601
841 654
292 1410
263 1075
263 1254
263 1368
1653 1677
264 687
264 753
264 765
827 907
264 972
264 994
264 523
264 1042
264 646
264 531
264 1425
264 1452
1678 1887
265 266
265 389
1893 641
265 665
265 709
265 739
265 963
173 601
265 1459
265 1601
266 277
266 399
266 1173
266 1364
266 1392
266 1583
1865 1630
266 1838
1250 592
1465 716
267 796
828 817
267 1315
267 1425
246 1889
87 1113
1731 1385
269 493
269 866
269 1062
1054 1271
269 1324
269 1257
270 325
270 737
270 782
933 1836
350 1250
566 1326
1680 1757
271 952
271 563
271 647
271 827
271 1350
271 1370
271 1606
271 132
272 755
899 1388
272 950
272 1128
146 1378
1485 1758
273 340
273 400
273 623
273 755
273 814
1474 1045
273 1169
273 1665
273 1792
274 367
274 506
274 548
274 725
274 886
259 1154
274 1176
437 1279
632 1569
1650 1663
624 553
218 690
1813 1589
235 836
276 295
276 529
276 830
276 204
276 1080
276 1098
747 1482
276 1489
276 1729
276 976
277 500
277 662
277 790
277 1049
277 1273
277 1111
277 1177
480 1478
277 1421
277 1581
277 1598
277 1656
277 1869
278 611
278 580
278 601
278 823
278 911
278 1329
278 1137
416 1441
278 1759
279 304
1205 341
279 511
279 868
279 938
279 1000
279 1218
279 1318
280 365
280 373
280 451
280 673
1004 810
280 706
1087 1878
280 1361
280 1466
280 264
280 1534
280 152
280 1767
280 926
281 354
1085 818
1448 842
926 1292
1311 1335
281 723
370 419
1239 1374
1856 1204
537 1720
1772 1118
1459 462
283 480
283 568
283 704
283 782
283 1538
1077 806
283 922
283 996
283 1196
283 37
1527 463
284 893
1489 985
1613 1517
570 1582
281 362
284 1665
431 1763
284 1876
285 383
37 588
285 660
358 1737
286 420
286 617
286 622
286 763
286 1019
286 103
286 1634
287 321
1203 811
287 1099
287 299
287 1372
359 1484
1472 656
288 908
288 1791
289 415
289 196
289 998
289 1061
1127 640
1410 1298
1802 112
289 1558
289 1676
1844 1772
548 513
110 332
290 904
1694 1189
290 1764
775 46
291 435
291 679
291 856
291 1213
291 1559
291 1655
291 1887
292 333
292 401
263 1082
387 675
292 710
292 858
292 825
292 882
292 1026
292 1630
293 365
293 1622
293 568
293 1165
293 1124
293 401
1473 606
293 1508
293 1687
293 216
294 469
294 354
294 1049
294 1446
294 1671
294 1834
295 444
628 1458
295 1099
295 1008
1619 1317
296 344
296 132
16 813
296 950
296 1256
1631 1440
296 1451
1497 1617
1710 526
570 665
1812 1373
297 1571
298 977
298 365
1565 424
298 871
298 759
298 1102
298 1751
299 381
1278 396
1748 754
299 767
299 821
299 1023
299 1255
299 1396
299 1878
300 508
300 810
300 913
300 510
300 975
1230 1205
300 843
1273 1684
300 824
301 429
301 1009
301 492
301 526
1267 626
301 1522
301 802
301 1446
301 1200
301 1275
301 1426
301 1427
301 1584
301 130
301 1845
302 223
302 325
1599 145
1304 1320
302 1428
302 1473
303 103
303 656
303 1029
303 1500
303 1252
1544 1319
847 389
304 671
304 1206
1292 811
304 832
304 444
304 921
304 1114
304 1132
304 541
304 1750
304 1751
304 1864
305 1686
307 651
305 914
305 969
780 502
305 1583
21 1676
305 1303
305 1758
305 1867
305 1893
306 459
306 1720
306 583
306 797
1377 996
306 997
306 1604
306 1877
1027 979
957 1230
307 1016
307 834
307 908
307 1266
41 1527
1701 1335
305 1272
479 1876
308 734
308 863
308 1515
308 951
784 319
308 1685
309 873
363 513
309 1415
309 724
309 1086
309 1212
309 1435
309 1473
309 1514
309 1563
543 1856
310 440
310 489
310 625
310 777
310 865
310 1024
1748 913
310 1310
310 1696
310 1829
311 553
311 675
311 1080
311 1790
312 460
312 685
312 746
312 1044
253 1616
312 378
312 1785
824 1790
312 1859
313 404
313 878
313 1269
1493 1548
313 429
1132 1629
313 1652
313 1395
314 317
314 600
314 1501
314 1377
314 1381
166 33
314 1581
378 1805
315 372
315 800
315 824
315 927
315 1041
315 1241
1557 1459
315 1544
1182 684
316 897
316 1259
316 1156
316 1287
316 1585
317 213
317 503
317 516
662 998
317 1048
318 342
318 446
587 1716
54 1360
1152 1614
1213 1415
318 1633
318 645
1220 1810
318 1853
716 1889
569 126
1682 445
1773 669
319 622
1434 59
319 1028
319 1048
319 1227
319 1391
319 1514
319 1850
319 1860
319 425
509 350
940 721
320 1275
320 1311
1208 955
320 1637
614 1751
321 435
321 564
321 297
321 634
321 420
393 978
1106 996
321 1238
321 943
321 891
321 1466
321 1648
321 1715
321 1746
811 712
322 994
322 1051
1786 1511
322 1622
322 1707
743 1733
322 1782
1055 1461
323 347
323 355
323 1251
323 1263
964 559
323 1132
323 1583
323 1586
1778 1603
323 1853
324 316
324 1835
324 187
1336 663
19 100
324 685
964 1062
324 1241
324 1266
324 669
325 1696
194 1022
947 1036
325 829
1447 1389
325 1462
627 1726
326 560
326 609
880 1185
326 836
326 985
326 991
326 1007
326 1172
326 1285
326 1315
326 1356
326 1435
326 1517
326 1542
326 1718
326 989
471 400
327 601
327 712
202 1027
1596 1609
1055 842
338 943
328 864
1267 631
329 761
1724 1032
329 1221
127 1476
1820 1329
329 1811
329 1897
330 1290
330 604
330 1017
330 1334
330 1338
741 1413
330 1474
330 1478
229 1513
1873 1717
330 1814
331 342
331 772
1153 640
129 112
331 956
331 1177
331 1251
1626 1409
331 1567
331 1577
331 1609
331 1613
332 948
332 155
569 1257
232 1344
332 1683
333 278
333 966
333 1058
333 1319
333 1671
333 1770
333 1852
334 1717
334 700
334 1070
334 941
334 1667
1294 822
399 120
335 1021
578 1860
335 292
960 1577
196 1643
336 389
336 433
336 556
336 585
336 803
336 927
1578 879
336 1883
337 351
337 1045
337 969
337 729
337 793
337 895
337 1067
337 656
337 1161
337 1167
337 1207
337 1219
1271 1269
538 1292
337 14
337 1361
337 1648
102 1081
1297 845
1476 1184
338 1233
1459 1352
328 1683
1143 1734
331 1844
955 1499
339 722
339 1318
339 1204
339 1238
340 1082
559 628
340 1479
340 1653
554 520
341 635
1336 750
341 1003
341 1309
341 1699
341 1726
342 1535
972 787
653 854
342 949
1092 955
342 956
342 584
342 1545
342 1690
342 1717
342 1828
9 495
343 573
1261 1179
343 843
27 1782
344 259
344 385
344 493
344 547
729 1242
344 946
344 1097
344 800
344 1695
344 1271
344 289
344 1856
345 500
211 545
345 1508
928 1729
29 1749
345 364
346 548
346 786
346 1646
1678 437
104 1381
346 1628
346 1806
346 1868
347 855
75 1018
347 1194
347 1516
348 1844
348 820
348 950
136 1184
348 1273
1416 1311
348 1361
348 1670
1113 1713
348 1764
391 367
349 765
349 1078
349 685
349 1086
349 1378
349 1108
349 1203
452 1273
349 1450
136 1456
349 1504
349 1701
349 1729
349 1001
349 1829
512 725
350 798
1160 885
1139 1408
1263 1025
350 1162
350 1446
422 1550
350 1649
350 1361
1680 447
351 544
446 850
351 1640
351 1016
1710 1060
351 1104
392 1788
352 1558
352 867
352 52
352 1363
352 1494
352 1615
1071 729
352 1832
353 445
781 707
1758 1072
672 1144
505 219
353 1505
957 1846
353 1735
354 400
693 488
354 949
354 1229
354 1528
354 1816
1894 1892
355 341
1123 715
355 1631
355 745
356 1138
1012 1509
158 74
357 415
357 836
567 981
681 492
358 149
1280 1031
285 654
358 869
900 972
358 1225
358 1379
358 1704
358 1707
359 615
359 425
1425 484
359 1513
287 668
359 565
359 1326
910 1420
359 1414
359 1714
359 1733
359 427
359 950
1591 1579
702 1553
361 193
361 433
361 843
361 1148
361 46
348 1493
957 415
816 520
1763 414
363 734
1766 973
364 1506
1501 637
364 1057
364 1230
1822 276
364 445
756 1842
364 1870
365 501
365 690
365 1695
365 813
365 987
365 1424
365 1094
365 1187
365 1248
365 1268
365 1302
365 1494
365 1538
365 1639
365 208
825 385
366 535
1354 796
366 1072
366 222
710 1668
366 1745
366 1575
367 519
367 656
367 1395
367 775
393 1148
367 925
367 986
1173 1005
367 318
1191 816
1002 1517
367 1806
536 1264
368 1364
368 1455
368 136
369 543
369 700
369 1025
708 1060
1691 1314
408 1549
369 1707
1774 1259
140 854
1188 529
433 1751
371 327
1230 1621
371 603
1628 1076
372 1828
372 1379
372 1477
372 1488
373 431
373 738
373 984
373 989
197 1337
237 645
373 1713
495 1098
373 1583
373 1887
374 461
374 517
1257 540
374 594
1003 598
374 801
700 1305
374 1742
127 923
375 993
375 804
1187 456
375 181
375 1610
376 616
376 894
982 245
376 1013
1862 938
845 1327
1494 1340
376 828
376 1478
376 1494
376 1832
376 66
377 661
1197 1004
1341 1772
1257 1870
855 167
378 576
1632 765
378 1364
378 1251
314 1542
378 1002
127 1018
774 824
378 1843
379 511
1551 631
379 1347
379 1585
379 1737
97 513
380 1069
380 102
593 1455
381 752
1750 523
1227 779
1691 925
272 1123
381 1142
381 1201
382 793
1646 587
382 670
382 998
382 1110
382 1134
382 116
382 1372
382 651
1103 1636
382 1696
499 387
383 1072
383 1080
383 1315
383 1869
123 870
384 654
384 987
1284 410
384 203
384 1436
1705 1513
384 1590
384 1762
151 1008
329 1122
385 1650
386 363
1636 582
71 917
201 1292
386 1409
1070 1490
386 1525
1635 657
387 972
387 1754
387 1366
387 1385
1175 1679
157 1681
1204 1853
388 593
1142 626
425 649
388 712
43 1029
389 1189
389 570
389 634
192 681
389 827
389 764
389 978
389 1164
389 1403
389 1659
389 1666
389 578
389 1876
390 1171
390 1414
1430 1419
390 1645
390 1849
1546 601
391 1802
1715 1169
391 568
391 1366
392 508
392 587
392 1809
392 765
392 940
392 310
392 1154
392 1284
392 1438
392 1525
392 796
367 664
393 982
1798 1065
1780 1748
393 950
393 1663
393 1185
139 1665
228 694
858 1115
1464 624
394 1191
1299 1247
1059 1665
394 208
395 1762
395 1186
1744 714
395 741
395 794
395 1320
395 130
613 1511
395 1757
396 629
396 750
952 849
396 654
396 414
396 776
849 1119
396 1001
396 527
396 1689
119 345
396 1755
396 1877
396 991
397 511
397 787
135 104
397 895
397 908
397 946
397 1178
397 1417
397 1555
397 1670
397 1699
398 476
1157 199
1435 804
914 1274
398 1863
399 493
1417 530
399 1059
399 262
399 1024
399 1785
1553 1137
400 1344
400 1150
400 1475
400 1812
401 65
401 829
1255 1835
401 1415
401 1416
92 1738
401 1526
401 1652
401 1898
402 527
1354 1502
1735 1577
402 1884
403 419
403 1641
403 12
403 1055
1564 1382
1078 1626
1586 1788
404 217
404 735
404 756
442 759
907 919
184 1563
404 395
404 1752
405 415
405 448
405 452
405 350
405 527
405 1603
405 1045
405 1525
406 740
406 852
406 1080
109 1177
406 1305
289 1325
406 1591
406 1794
1461 140
35 967
1678 1801
1129 1713
408 252
369 458
408 646
408 1141
1857 1207
408 200
408 1613
408 1686
408 1706
409 415
409 729
409 658
409 1145
410 437
809 125
945 1407
410 1413
410 1543
410 1862
411 381
411 514
411 540
1670 186
411 726
818 257
109 841
411 1107
411 1523
411 1843
412 342
780 855
932 78
412 1054
31 1179
412 1362
1860 1858
933 1891
413 784
413 1264
358 1340
413 1165
486 1406
413 1697
1452 1513
216 459
414 369
414 1050
1249 973
414 1257
494 1413
230 1723
415 1472
415 1057
415 1091
415 1163
415 1182
415 553
415 1425
415 1043
415 1703
416 1591
1588 1476
278 1441
416 623
416 770
1371 885
416 1310
1026 1758
417 952
417 1264
1143 1032
417 1446
1602 1737
418 450
418 461
418 721
418 838
971 950
418 230
1870 1336
418 1419
418 1649
418 812
130 1823
419 444
419 1488
419 760
419 927
419 1787
420 1836
420 732
1023 761
420 821
681 830
729 1019
420 1156
420 95
420 1589
968 1448
420 1874
420 964
421 482
421 255
421 1125
421 1259
421 230
421 1343
421 1369
421 1611
422 749
422 164
1089 240
521 552
1547 911
186 1722
716 1721
424 929
424 973
424 1399
424 1465
424 1715
1618 1853
122 235
1244 443
425 592
425 595
1106 814
425 1177
425 1384
1121 1390
425 1454
425 1477
425 770
426 768
426 818
622 1172
1590 21
1463 653
427 701
427 773
427 1468
427 1510
427 1852
739 1452
428 1327
428 1353
429 230
1583 366
999 1108
429 270
1559 1381
429 1741
474 155
1609 525
430 1190
430 1852
431 1830
136 1774
1440 1621
431 704
983 594
1643 832
432 1189
432 1191
432 1260
432 532
433 389
72 814
433 855
433 905
476 193
433 1187
433 1204
433 1444
433 1514
474 1893
434 23
468 1018
434 1639
1087 408
435 610
435 917
435 1088
1597 1235
1576 1195
435 1427
551 1605
435 1641
435 1668
1796 584
372 825
436 1041
1089 1073
436 394
436 1230
436 1363
437 1273
274 593
1070 648
437 1383
1344 859
437 1253
437 1832
848 1233
438 1482
438 1707
1783 122
438 548
439 239
439 1393
439 554
439 802
439 1327
439 1414
439 1533
590 1641
440 527
30 1680
440 1166
440 1786
441 360
441 1051
441 1071
441 1339
441 1598
441 235
441 1473
98 488
1072 491
442 503
442 521
442 1757
211 514
442 1245
442 1485
442 1773
442 1796
1453 1844
1384 904
443 885
443 1647
443 1807
444 935
474 1033
444 1097
202 1691
444 1533
1587 61
445 1037
445 1105
445 1654
272 1679
445 1726
351 298
781 490
172 596
771 828
446 1459
446 1562
1136 527
447 902
447 1099
447 1287
447 777
447 1475
447 154
448 568
1691 1153
183 1576
448 1253
448 1325
448 1379
448 1517
448 1787
448 1879
448 1888
948 751
161 946
661 1052
449 1193
460 1321
449 1356
450 1023
450 1722
450 1431
451 365
1113 1420
284 1478
451 1689
1094 1787
451 1514
452 552
349 773
452 553
452 902
452 1133
452 1191
452 1278
1784 975
452 1569
453 509
453 91
453 915
453 146
453 1006
453 1042
453 1110
453 1500
453 208
453 1563
454 1206
1615 801
454 979
454 1185
454 1849
454 1274
547 1612
454 1569
1022 1037
734 1432
455 1511
1028 1733
402 628
656 639
212 1825
570 1719
1365 762
457 1567
457 1574
1384 529
458 726
458 742
458 982
458 564
458 1576
458 1690
458 459
459 434
829 1107
459 1538
459 1842
606 623
927 711
460 423
693 179
1193 926
215 832
461 850
461 1011
461 1136
461 1241
461 1750
461 1751
462 726
462 515
462 692
514 769
462 450
462 1205
1638 1287
462 1426
462 724
462 938
462 1517
462 1167
1183 761
463 828
463 806
463 1511
481 1598
463 1647
464 470
464 475
464 10
15 889
1299 1178
125 1416
464 1445
691 271
541 829
465 1315
465 1316
977 1585
465 1628
465 1655
465 1799
1373 81
466 513
466 889
466 1145
466 223
1154 485
467 812
467 1656
3 634
468 1189
468 1682
468 1835
469 591
469 952
469 973
469 1041
469 1844
1064 487
470 511
470 1102
1746 920
470 1161
470 1173
261 1550
471 250
471 550
471 619
471 834
471 945
471 1084
457 1665
471 1742
471 1460
667 786
52 1130
472 1648
472 1178
473 1430
994 1183
473 318
473 1890
473 1893
676 67
444 883
475 678
475 981
475 956
475 1243
475 607
476 801
476 1069
1412 1360
476 1555
477 1848
477 337
477 1286
477 1441
281 1550
477 1870
478 780
1 1166
479 663
1360 670
479 680
479 764
1677 1374
479 1162
486 870
479 1319
479 1569
479 1406
239 1509
479 1522
479 1668
480 462
277 633
480 655
1070 372
480 882
80 1277
480 1438
481 383
481 594
1526 1236
726 717
1417 870
483 1622
483 1560
667 1538
484 273
1074 933
484 715
68 1526
485 856
485 1206
485 1260
485 1289
1620 1018
1210 634
1693 673
486 1511
479 1767
1547 1803
1504 1853
1702 1874
487 1789
488 580
488 1602
488 805
488 818
488 383
488 1226
488 245
488 1380
488 1466
488 1528
489 1563
490 727
490 972
490 46
490 1206
490 1394
1510 1412
490 1450
490 1583
490 1870
789 370
491 972
1465 1222
491 689
492 1326
492 702
1663 604
492 802
492 1527
493 368
1002 668
493 734
1799 779
493 781
1810 1670
493 1110
493 1868
733 701
494 944
494 1032
494 1514
494 1630
494 1646
494 884
495 555
480 1090
224 1093
778 1454
495 1551
495 853
495 1818
496 650
1807 878
496 1577
496 1580
496 1588
496 1693
496 1729
183 1141
497 1506
497 1575
1219 1823
498 420
498 841
498 1406
498 1325
498 1787
671 497
499 792
93 868
254 1643
499 1223
499 1454
499 1791
500 1555
661 764
501 779
501 1446
501 613
501 1271
1418 1676
501 1124
476 546
502 1162
503 649
503 690
503 1660
503 1016
503 1056
1272 1191
1195 1381
503 1532
104 1634
503 1727
1656 622
504 1183
504 1459
642 778
505 412
505 996
505 1139
411 341
506 779
506 928
506 975
1434 1138
506 1477
506 1359
506 1587
506 1603
506 1780
860 128
877 1645
507 335
507 737
507 1460
507 916
507 1027
507 1073
507 1126
507 1700
1239 1703
508 1202
785 1203
1202 1760
508 706
32 539
509 692
1037 820
1102 1535
509 897
509 807
509 1222
509 1261
509 1314
509 1330
509 1129
552 686
510 969
510 1328
510 1550
113 1829
961 1842
511 341
720 567
511 625
511 819
511 1601
511 1096
511 766
511 1581
511 14
512 1428
512 877
416 924
915 1584
512 987
959 514
512 1506
512 1802
513 43
513 547
532 744
514 162
514 120
462 1206
1061 1215
1182 394
514 1505
514 1736
653 616
1699 871
515 1392
515 1689
515 1834
676 503
536 1770
516 953
516 996
303 1126
516 20
418 1795
164 1799
516 1837
294 858
517 740
1457 813
517 887
517 923
517 1704
517 1449
517 1488
518 1560
518 1025
518 1128
518 1212
518 1470
781 353
1448 771
519 1267
519 294
519 1405
519 320
545 1709
498 216
519 1829
519 1870
519 1890
520 1355
520 190
565 503
1247 1691
521 625
521 885
142 1570
521 1393
521 1679
521 1758
521 1805
521 1856
1172 786
959 1427
522 1471
522 676
1214 1157
1361 1722
522 1874
1532 994
523 828
523 855
68 1538
523 1528
524 350
412 859
525 443
1057 595
525 969
525 1137
590 1179
525 1554
1593 1635
903 401
526 895
526 1718
526 1152
526 1293
526 1457
526 1509
527 504
527 774
527 1228
527 1241
527 1521
377 714
529 632
1748 634
529 744
529 762
529 830
529 967
529 1083
529 1411
529 1426
529 1460
529 1496
530 384
530 397
530 167
530 1302
531 1141
531 1401
531 851
531 1428
164 18
690 824
531 1741
531 1761
532 287
532 1702
532 648
1271 74
532 1836
532 1175
532 1226
1576 1408
1516 1412
532 982
1153 1588
185 575
533 1776
414 1071
534 511
534 1824
534 1086
534 730
534 756
1074 100
534 1119
534 579
534 1462
534 1523
534 1592
534 1815
535 790
516 599
1361 1533
142 298
536 1626
536 1663
537 554
537 764
537 796
794 865
537 1466
380 1212
537 1854
342 770
538 1056
538 502
337 1640
538 1733
538 1760
1063 592
539 938
539 1421
539 1426
539 1175
237 486
540 1211
1575 561
650 815
540 869
540 952
540 993
540 1123
540 1322
540 1617
541 686
542 1893
542 911
542 1611
309 740
543 947
1065 313
1481 1274
2 1516
544 546
544 670
544 675
544 703
1564 1233
544 1314
544 1357
544 1478
544 1689
679 463
868 976
545 1019
1365 641
546 725
546 1145
546 1604
666 768
546 1624
547 561
1840 570
547 1376
547 1454
454 1893
1780 103
290 1885
548 941
548 1359
717 1535
892 335
549 171
549 640
549 641
549 711
549 1142
1476 1240
549 1869
549 1887
1744 1243
550 626
581 1421
853 1796
551 1884
1116 1641
551 677
551 734
551 1003
1336 300
551 1552
551 1282
551 1697
1454 1748
345 1832
552 729
552 748
67 1082
552 1732
552 1527
1562 245
552 1724
552 1788
620 631
553 1610
553 938
553 1834
341 956
554 1126
554 1009
554 1602
554 1640
555 114
555 982
555 941
555 1152
555 1569
1663 602
1107 798
556 1483
556 1521
556 1791
557 859
1348 898
557 403
557 979
557 807
318 1072
819 1244
85 1373
675 991
557 1577
558 966
1334 1140
558 458
559 752
559 870
559 887
559 1234
559 1384
559 1294
559 1448
559 1654
560 597
560 708
560 761
780 546
903 1594
561 57
561 875
561 569
561 589
561 74
561 952
561 1452
561 835
1518 1866
1297 1119
562 1141
562 1035
114 1540
1686 1128
1570 1276
1394 647
1434 1230
564 1396
457 1495
564 1642
564 1707
1809 621
565 898
565 1415
1180 1449
1168 1479
990 1576
722 1752
565 1718
566 110
566 905
566 982
1606 988
402 1200
1873 1408
566 1407
566 137
566 1467
1861 1032
567 1511
1508 1022
567 1759
1699 584
568 857
568 1472
568 1052
568 1378
568 1425
568 1665
568 1822
569 577
569 1261
569 1273
569 1672
569 497
569 1387
1642 1635
319 1864
904 1886
570 141
728 589
570 412
456 690
1773 867
570 922
570 1596
570 1757
297 1764
571 1361
1698 1296
571 1585
572 628
1679 774
572 857
56 1093
572 1621
572 1751
1063 1823
356 679
573 902
573 1608
573 1110
573 1435
573 1460
573 1629
573 480
1163 1681
573 1765
573 1830
574 838
574 887
574 1133
1214 1289
574 1605
574 1690
575 672
292 1459
1452 969
575 1037
1705 1814
1727 616
1817 988
576 1782
576 1138
576 1320
577 1690
577 515
577 975
577 1527
577 1608
577 1345
1838 1583
578 1281
579 981
1540 1334
579 1445
649 1606
579 1630
579 1767
91 1779
799 241
580 1269
580 1415
1431 1333
580 1685
236 609
1510 633
145 1557
581 1672
877 1116
582 1696
582 1785
582 1630
582 1077
845 1276
1121 1463
582 1788
1826 459
583 1867
584 708
584 855
584 1287
584 651
1772 284
584 1024
585 305
585 1426
1036 1638
585 1683
586 1825
1329 1518
587 784
318 986
587 1009
776 1078
1631 1241
587 1369
642 1451
587 1711
1720 1584
588 1022
588 1093
588 1207
588 556
588 1348
698 1536
588 1849
588 915
588 1879
589 602
589 1114
589 1249
589 1121
1319 862
837 1822
525 1893
591 792
591 6
591 1661
591 1798
592 1144
1691 1845
592 671
592 1786
1275 655
593 1042
593 738
593 756
593 762
593 1418
593 1441
380 1498
593 1854
594 682
594 1068
594 1170
1846 1406
594 1696
1161 1864
594 1886
594 1898
595 891
595 1044
595 1408
595 1542
596 91
1475 654
596 1525
596 1231
32 1691
597 649
597 131
597 1040
1657 1090
201 1340
597 1399
597 1423
597 1540
597 1061
598 446
598 984
598 994
598 1047
598 1140
598 1160
598 1167
598 1404
598 1284
598 179
598 1604
598 1655
598 1675
598 1811
798 589
599 964
599 1048
599 1465
599 766
599 282
1767 1135
600 1104
600 565
601 704
601 126
601 1096
601 1592
601 1679
601 1861
602 379
1768 741
602 794
602 971
496 1094
602 1219
602 1548
602 1637
602 1662
603 512
603 1244
603 1862
604 1469
1052 1550
605 745
506 859
605 869
605 900
605 1793
1360 1037
605 1303
605 1338
605 1403
605 1595
605 528
701 444
606 1729
606 911
460 798
606 1501
1241 615
607 657
607 1433
607 1149
1318 1864
1391 938
608 1158
608 1256
608 1293
173 1472
979 493
609 514
609 949
609 331
1327 1255
931 1202
609 767
609 1318
610 753
1420 781
610 1524
1267 1152
1876 1358
610 1844
611 748
611 1487
430 808
611 1302
1140 1346
611 1428
1150 1742
611 1793
655 1863
611 1866
612 738
612 784
1785 335
612 1614
613 688
943 1313
613 1372
1329 1528
1149 770
57 1770
614 994
1677 1019
1316 1264
320 1448
615 1526
615 656
615 680
615 713
615 720
1618 1058
765 1134
615 290
821 68
616 623
421 1098
1638 610
616 1302
616 1457
491 1620
616 1738
616 1769
617 584
617 798
617 808
617 1324
617 1752
835 813
619 775
619 323
620 197
537 742
620 1869
620 432
621 1765
621 1368
40 1554
621 79
1312 1598
621 1705
621 1793
622 925
622 1037
622 258
622 1841
623 742
623 928
623 972
623 1045
623 1194
623 1214
623 78
623 1399
623 1479
623 1493
623 1621
624 701
594 1031
624 895
624 901
244 1708
1571 1116
624 1574
624 1247
624 1533
624 81
624 1866
1526 1503
625 851
1804 991
625 1117
625 1164
859 1478
625 1490
324 1397
625 1684
625 1782
625 1851
626 694
626 823
1563 864
117 902
626 1075
626 1566
626 1538
205 365
482 127
628 1011
533 1216
628 1493
628 1548
747 676
628 1730
164 999
629 4
524 1173
630 1347
1408 1879
631 939
631 165
1574 1088
753 1681
631 1285
631 1621
1006 224
865 989
358 1278
632 1332
231 1716
228 838
306 858
97 1572
634 954
634 1288
634 1353
634 1421
634 665
634 1443
634 1664
634 1858
634 1886
635 684
635 977
1842 1282
1448 1774
637 616
637 1659
442 1378
637 35
20 640
522 1005
638 1125
638 1366
667 1498
638 1515
638 1636
639 628
639 661
639 1013
639 1488
639 1555
639 1419
1409 1711
639 1732
1844 1378
641 793
641 895
641 1115
641 1193
641 1287
641 1426
641 1738
641 1836
642 735
642 215
505 1769
643 789
643 866
678 1024
643 1035
643 1357
644 730
644 855
458 1030
644 1070
644 1410
1282 1712
644 1685
644 1508
644 1527
644 1691
644 1815
644 1852
644 1352
1307 694
645 714
645 308
645 885
1698 1004
1790 1068
646 850
1613 202
646 996
646 998
646 1155
646 1575
1219 1625
1365 332
919 1834
647 1126
647 833
648 824
343 1150
648 1322
648 1394
1464 1693
863 483
649 905
649 762
579 1253
729 1273
649 1279
649 1384
649 1602
650 844
1647 631
864 899
650 1031
650 1624
651 916
651 947
651 1315
349 1740
1454 1802
652 745
652 847
34 871
652 262
652 1488
271 1791
1182 664
65 901
1216 180
653 37
653 1784
654 785
890 1022
654 1208
111 1723
1585 420
929 1083
550 1313
611 1579
655 1612
1216 1641
1445 1205
655 1776
1123 781
656 866
656 941
1659 509
656 1609
657 1466
756 479
657 1683
658 787
658 908
682 991
658 1389
658 1140
658 1616
658 1077
658 1349
658 1375
711 1385
658 1486
796 1852
659 26
659 178
194 1591
659 1781
846 1536
660 306
244 787
660 1090
1003 1277
660 1365
388 1551
1429 1679
660 1623
661 712
912 836
1698 1292
500 889
1177 1282
974 1543
661 1789
662 668
662 932
1596 144
487 1075
662 1364
12 489
499 149
663 848
663 1167
1419 1311
663 1451
664 846
664 1508
664 738
664 884
664 895
664 1033
664 1292
664 1797
856 641
665 725
665 998
665 1862
665 526
665 438
336 107
945 781
665 323
665 1864
666 1089
546 54
666 1093
689 1569
666 1873
667 522
667 1057
1274 1077
1111 342
1111 1411
667 1530
668 854
668 1636
668 1683
1181 897
870 1555
554 1634
145 1134
869 700
670 364
670 1812
1732 1192
1600 1335
671 1547
671 1609
672 1875
374 1200
672 1295
672 765
672 1184
416 568
673 307
1459 1168
673 1311
673 563
1429 848
674 944
674 1161
674 1044
8 1663
675 255
675 295
1395 457
1248 858
987 869
675 1178
697 1657
675 1721
675 1791
317 595
742 1275
474 1520
451 1838
677 582
677 1573
678 924
695 1120
678 532
678 313
678 1833
679 735
679 382
679 752
679 627
679 1340
679 355
679 1747
679 1005
679 1308
680 405
680 490
258 1208
680 1379
680 1735
681 1439
681 784
681 841
681 998
1089 1687
681 1234
681 394
357 1435
907 1475
681 1388
952 1675
681 1677
681 1884
167 257
1306 954
682 966
682 857
143 1306
658 1675
682 1745
682 1767
573 837
1507 856
504 973
684 948
684 997
1867 1139
451 1444
1416 1799
685 336
685 979
685 1178
685 1789
685 785
685 1327
685 1788
1061 1815
685 1862
738 1339
686 477
686 1823
687 722
687 909
687 1382
1242 1036
687 1338
687 1771
687 1513
1126 1538
823 1628
1285 703
688 842
1067 1177
1000 700
688 1188
360 1815
688 1878
689 1432
689 1099
690 796
1867 1376
690 1129
690 1212
690 1473
690 1555
690 1556
690 1675
690 1775
1042 704
691 802
691 881
691 1555
691 1655
673 1722
691 500
691 1822
691 1828
692 713
692 955
692 1009
449 1028
692 1374
692 1561
677 1774
53 712
112 1192
693 1378
693 252
1513 1729
1182 406
694 796
694 821
694 905
694 1398
694 1069
694 1260
1729 1265
694 1288
694 1414
694 1476
694 1648
694 1701
1019 79
695 144
695 1028
695 1020
695 1111
695 1537
687 284
1300 1853
695 1874
1465 807
696 824
808 788
911 900
697 1709
697 1435
588 521
1786 881
698 1007
698 1020
698 1094
698 1116
698 1197
1749 1359
150 1571
950 714
699 1011
699 1306
699 1235
699 1484
699 1575
699 1693
699 1697
233 1773
699 1774
700 689
700 787
700 913
374 932
1424 1804
997 211
701 455
701 1536
701 1852
210 350
702 1425
703 63
703 741
703 771
703 1506
703 995
703 1632
703 1720
703 1864
1784 758
863 1619
1321 996
1261 1004
705 1050
705 200
705 1815
705 1896
1763 998
706 996
516 617
707 1233
707 1382
707 1781
17 1023
708 1542
708 1196
708 1326
708 1443
708 1616
1307 1715
708 833
709 788
709 853
709 1377
135 1857
709 1034
287 1052
236 1218
709 54
709 1783
710 776
710 859
710 1658
710 1884
5 794
711 822
711 967
179 1378
711 1531
711 638
712 400
712 649
712 803
712 971
1700 1020
712 1022
712 1033
459 1449
1074 1451
712 1485
712 1601
712 1657
713 1615
1829 832
713 883
1164 1326
714 1677
714 1127
811 808
975 687
715 1018
715 1029
715 1670
716 1142
1395 1483
716 1673
1242 426
717 939
717 1737
717 1811
718 771
718 77
1682 298
718 1733
718 1767
719 952
1485 962
719 1099
719 1181
719 1618
719 1657
719 448
720 1239
900 1187
682 1542
1286 1655
721 776
1235 1041
721 1522
722 45
1252 1057
722 1759
723 969
1492 1032
312 371
723 1245
723 1586
723 529
724 768
1111 1050
724 949
724 1162
565 1515
724 1559
724 1729
724 1745
1450 1799
724 36
215 367
1279 1172
725 1251
726 545
726 973
726 1078
726 1114
726 1163
1159 297
727 641
1738 1416
727 1707
1284 277
1201 927
728 32
1623 1451
728 1200
506 1713
729 1862
729 1013
649 1570
466 1233
729 818
729 1648
729 826
729 1666
730 101
730 1559
520 154
26 286
731 688
731 1640
731 995
731 1031
731 1049
731 1372
731 1448
167 1565
731 1616
731 1784
732 190
784 989
1853 1130
732 1642
757 1729
732 157
733 851
733 1252
733 1276
734 649
734 766
734 941
1628 1048
734 1130
734 1160
1347 1223
735 512
735 1299
735 1541
1101 1060
735 1749
632 1760
736 1293
736 1494
1291 1606
580 76
737 1006
740 159
738 459
738 733
738 1002
1340 597
65 1179
738 1027
1410 1231
738 1315
738 1420
738 1428
738 1509
738 894
428 266
739 1163
739 1386
739 1461
778 541
200 878
740 1156
740 1711
740 1637
741 622
741 932
741 1024
741 1188
741 1087
641 1116
741 1130
741 1664
741 681
741 1344
768 1420
741 1597
742 1211
909 1049
1052 551
742 1573
743 775
1855 938
743 1289
787 1482
227 1639
467 1771
743 1796
744 814
744 1391
744 1630
628 1898
1808 464
745 1513
608 928
1413 1751
65 1322
745 1324
745 1347
745 1416
745 869
745 1772
746 856
746 987
933 1469
746 42
988 1207
746 1398
746 1685
746 1785
295 623
747 1226
747 902
747 382
747 1332
1619 1811
747 413
132 1017
747 1275
747 1669
267 1737
748 918
748 936
748 1305
748 1704
562 1416
749 424
749 1721
1124 659
1168 428
750 780
750 1016
178 1413
636 111
84 1270
751 1021
751 1040
1191 131
751 1113
1301 1779
76 1894
1510 893
1707 1837
1537 1882
753 1020
1608 1070
753 1155
1587 1885
754 1066
754 953
754 1176
1204 1396
754 1803
754 1868
751 838
756 919
756 997
910 1063
887 1113
756 1506
184 885
757 899
1632 1165
757 1309
757 1364
757 1495
757 1555
757 1614
758 430
758 771
74 1739
758 1876
1658 1413
1875 1769
760 791
760 1108
760 1415
1557 1509
1639 1610
760 1577
761 707
761 1858
761 1067
761 1578
761 504
1318 64
762 744
762 908
762 1218
1477 1310
1503 1375
762 1393
762 1843
763 892
763 1355
763 1650
764 680
764 1458
1221 1211
920 1348
764 983
764 759
764 1035
765 447
765 1820
734 944
765 1244
765 1318
0 1559
615 1681
547 1712
1111 988
766 1063
1220 1386
1168 1849
767 775
767 1359
768 1270
768 83
768 732
1455 225
768 1710
768 1713
768 1820
768 1633
769 433
769 477
322 1526
769 1889
770 793
770 578
1867 1331
770 1277
1889 1346
770 1661
771 1289
771 1368
463 1585
771 1288
1351 344
772 600
772 1075
772 1184
772 1849
773 831
773 835
773 1010
773 1843
1041 892
378 1641
534 1733
1208 1856
775 1548
1854 956
506 968
255 243
775 1433
775 1489
775 275
131 1859
775 984
776 1575
776 965
1625 1044
776 1088
151 1209
776 1386
587 1572
776 1744
776 1787
776 1888
1470 1894
1886 1073
1496 1255
777 1326
777 1542
777 1077
777 1815
778 424
740 789
778 719
778 946
778 1367
778 22
779 834
779 1320
779 1002
779 475
779 13
305 725
780 1261
780 1314
560 1773
781 649
781 753
781 810
1707 878
1337 914
738 1615
1141 1614
1813 436
844 1767
784 386
1805 786
784 482
784 1039
784 1051
154 1124
784 1294
784 1507
784 1523
784 1771
784 1803
1414 1067
508 1207
882 1824
786 797
551 69
786 1051
786 1264
743 277
787 894
787 902
787 1527
788 280
788 1163
788 1339
788 1525
788 1452
788 1187
788 1886
789 997
789 1657
789 1461
789 1808
790 599
790 170
791 781
820 1085
791 1107
791 1123
791 1173
791 1356
791 1700
791 133
791 1662
792 312
792 1484
792 1173
792 1695
792 1698
793 809
872 1717
793 1856
907 398
1702 714
794 1094
794 1889
1534 1892
1676 1403
1013 1116
796 592
796 1646
796 1227
797 773
797 1209
797 971
797 1014
798 897
599 289
798 1644
798 1737
798 1831
799 870
799 720
799 1203
799 559
1651 1219
800 1415
66 1604
1030 1038
801 1884
802 429
802 1290
802 863
802 1135
802 1489
1875 774
803 1160
803 1876
1027 851
804 1539
804 682
804 1010
804 425
1608 1118
804 1207
804 1843
1142 329
804 1789
804 1731
805 806
805 1551
805 1575
805 1824
1894 1840
806 1184
806 1733
806 1489
806 532
1048 89
807 1295
808 329
808 630
1221 1859
809 552
809 903
1223 992
809 1369
809 1312
809 434
810 1005
810 1021
810 1144
810 315
810 906
810 1423
1537 1550
810 1804
184 413
123 449
812 975
1883 724
812 491
812 1670
363 1276
813 1333
813 838
918 865
813 1587
813 953
813 374
813 302
1109 1234
814 595
814 1119
863 1773
815 878
787 897
815 1674
815 1451
815 1347
815 1537
815 1511
815 1654
815 1689
1704 1750
815 1806
815 1890
815 1898
200 570
816 790
362 1489
807 835
392 1518
817 1035
817 1170
1746 1834
435 860
818 89
185 1477
818 1489
818 919
818 132
819 410
819 706
819 917
819 1281
819 1115
819 740
819 1320
957 1389
1799 437
820 1009
820 1155
820 449
820 1813
1021 249
614 841
821 563
821 908
821 950
821 1421
821 69
822 1039
822 1657
1609 1725
822 1817
177 1244
687 1447
1789 800
824 1167
824 1509
752 30
1418 1579
825 675
1747 979
825 798
825 1262
825 1643
825 1707
825 1728
825 1795
826 1882
826 824
826 946
826 1507
827 860
827 878
827 1085
827 1134
827 1180
827 43
828 829
828 1137
1468 1332
828 1393
873 1561
829 1149
829 633
829 1078
829 1184
1568 1462
829 1722
829 940
829 1809
829 1822
830 458
50 915
830 1538
830 1012
830 1118
830 1821
830 351
831 103
832 322
1088 1597
1349 863
986 995
131 1339
833 1484
833 1519
833 1609
1084 1044
1613 407
834 1323
834 1345
1147 1784
834 1684
835 401
835 831
1167 880
835 1845
835 1222
835 1183
1262 1217
30 1498
835 1727
836 1365
836 560
836 1402
590 1062
576 390
839 1190
839 1291
113 1737
840 334
840 1075
841 1799
841 726
841 1017
1473 1120
1477 1256
841 1443
479 220
841 1442
841 848
842 895
842 491
842 963
307 1143
842 1153
842 1575
843 1057
843 1806
1037 1315
766 1563
1613 174
1253 685
844 665
844 880
844 1042
844 1044
783 1086
844 1182
844 1233
844 661
736 1378
845 850
845 1068
845 1143
845 1289
376 1801
845 1858
845 1717
846 488
846 521
27 430
650 1521
371 587
847 598
304 1581
847 1722
847 885
848 1493
1694 1696
849 1002
712 1038
1628 1090
850 579
248 1628
850 1778
850 1688
850 1869
851 771
851 1847
485 777
852 1111
852 44
834 1506
852 1661
852 814
1226 192
853 1125
853 1168
1805 1238
853 1340
853 1502
853 1548
853 1678
550 1704
17 1799
854 558
854 1873
854 995
854 1412
1852 1547
854 1755
1098 1107
856 1531
971 941
856 901
856 1216
856 1259
856 1294
856 22
856 1809
261 1431
857 1636
857 1688
857 322
857 1838
857 1869
271 498
805 255
858 861
1372 1259
790 1349
858 821
858 1784
858 1831
859 382
350 665
859 737
859 1355
859 1415
859 1707
1044 1802
859 1811
860 609
860 1376
27 1557
860 1183
860 1256
860 1528
1845 117
862 529
862 705
862 978
862 1066
862 1096
862 1697
862 1777
704 809
863 934
1873 950
863 1211
863 1291
864 1022
864 1108
864 983
864 1479
1284 1481
650 1593
864 1644
865 950
632 1112
865 1539
865 1405
865 1431
865 1453
865 1830
866 1065
866 789
866 975
866 1056
866 118
866 1591
866 1768
866 1841
867 1279
867 1890
868 703
868 325
868 1086
751 1807
869 1025
1539 358
869 1259
869 1644
869 1667
869 1730
870 892
870 1276
259 1382
870 1441
451 605
669 1527
870 921
870 989
870 1284
870 1811
870 1250
1365 430
871 973
164 1026
871 1054
871 1255
871 1396
871 1121
872 1184
934 752
873 1669
1688 925
1621 173
874 726
874 835
875 830
875 932
875 1125
1021 1302
875 1428
875 51
876 890
876 24
876 1150
1400 1252
876 1295
876 1614
814 1826
877 904
536 113
877 604
74 1030
878 1246
878 1745
880 1615
880 1100
881 724
881 1041
1883 1265
1171 1088
881 1696
881 1473
881 1678
881 400
881 1604
881 1652
882 298
882 633
882 1601
882 1648
1888 1715
767 928
883 930
883 1565
883 1331
477 482
884 921
884 38
884 1596
1672 784
885 613
885 929
885 1213
885 1716
885 1730
885 1314
130 1340
885 1405
885 1170
885 76
885 1614
886 283
886 15
887 838
887 177
1286 902
888 1446
888 1772
888 1802
889 320
1891 1302
889 1526
1861 1638
231 1727
890 1199
890 1523
891 997
892 260
892 816
893 1405
1482 1421
1747 887
895 1274
1552 1740
487 1844
896 1585
896 1740
897 415
897 728
897 938
897 951
897 1278
897 103
897 1611
897 1697
897 1731
897 1886
898 844
898 931
898 1331
898 1356
898 1474
899 1107
899 1351
899 1876
185 1822
900 725
1708 1272
1153 729
902 788
902 823
902 1074
17 1467
902 1773
902 56
903 1634
903 1328
560 1377
903 1421
526 1449
903 1832
618 664
904 1724
904 799
569 1700
904 398
905 1124
905 209
905 1206
178 1332
905 1751
905 1437
905 1672
905 700
388 1140
1338 1107
906 1154
906 1167
906 871
780 890
907 985
907 1030
907 1053
1837 1183
907 1279
907 1391
907 1409
907 1446
269 1553
907 1714
908 419
908 786
908 1324
396 1265
908 520
1678 1612
742 898
909 1583
909 1402
715 1217
359 1338
910 1531
50 1690
911 601
249 1178
928 1520
913 796
913 145
914 1220
914 1232
914 1354
1112 1465
677 1515
914 434
914 1795
915 730
915 1016
915 1154
737 1234
915 1113
915 1484
915 1486
915 1576
915 1603
915 1857
916 601
916 981
916 1011
916 1058
916 1165
916 366
916 1399
1220 1266
917 1817
1358 220
883 1056
918 1287
813 1464
1037 1709
919 1084
1332 1190
1089 1716
919 1742
920 941
920 1253
706 1366
133 1515
1012 1742
921 990
921 671
921 888
921 1364
917 526
921 770
922 704
922 885
1839 1593
923 393
924 412
924 1254
1839 1700
924 1750
868 523
925 656
925 976
925 1438
925 488
1033 1865
926 716
129 1795
1391 198
60 1641
927 1652
928 1192
928 1255
911 1412
318 1419
928 1017
928 571
1317 967
929 1001
997 687
1588 1250
929 1262
340 736
930 928
930 1163
930 553
931 1119
931 1134
693 1468
931 1720
932 570
932 1007
932 1237
932 1384
932 1582
932 1646
630 1661
746 850
826 1032
464 1576
270 1718
184 959
935 1044
935 517
288 1308
935 1416
936 812
936 966
174 1069
1728 452
937 284
937 1599
937 1615
937 1795
938 632
938 1385
938 1573
873 1035
939 730
939 1120
939 1649
939 1138
939 718
939 1865
940 480
940 1038
1066 1077
320 1739
941 1437
1268 1460
990 1619
1300 672
1285 600
944 1817
944 1590
944 1634
944 1721
410 617
945 1302
1530 1576
946 238
946 846
946 895
946 1007
946 1281
979 1299
946 1643
187 89
325 1141
947 1321
674 1501
947 1521
582 1588
948 286
220 609
948 1183
948 1626
949 904
1828 1267
949 1552
949 1715
949 1734
1737 1861
431 374
950 461
950 813
594 1183
950 1466
950 1495
950 1667
950 1851
950 259
398 917
951 386
951 1696
952 1116
799 1534
1101 1617
1569 859
953 865
953 1390
212 1078
953 1545
953 1775
954 591
954 670
954 1042
954 1218
954 1412
955 205
955 544
498 1295
956 1151
956 1841
956 1598
942 177
957 194
957 1017
957 1175
957 1460
957 1470
957 1037
1778 1160
958 1228
1309 1769
216 655
433 1358
959 1374
959 1883
960 166
776 1254
961 1042
588 1150
843 1885
961 1372
961 1387
961 1473
1322 45
963 784
299 887
963 402
963 1616
963 1689
1578 360
625 1774
965 1104
1038 1338
965 1460
965 696
1612 1816
966 1122
966 1440
966 635
846 1653
966 1889
967 736
1175 1282
137 1849
1105 1114
968 1660
968 1708
614 654
1272 971
1696 1507
969 1126
969 1650
969 1256
970 971
375 1094
971 986
971 1235
971 1673
971 1812
1266 819
226 1128
972 482
1753 1742
105 1810
973 506
973 1513
973 1311
973 1580
1238 1398
974 1197
974 1363
974 1558
974 1674
661 1649
1735 513
975 913
975 1438
975 1518
604 468
976 643
976 1455
976 1577
976 1657
976 1659
976 805
1365 684
1248 976
977 1170
465 425
977 1538
977 879
977 1689
978 681
979 1054
1839 1415
892 1172
980 819
980 1001
1081 775
1865 1544
981 557
1344 1241
981 1295
981 1738
981 216
212 1879
982 1052
982 754
982 1206
1416 1677
376 1455
1242 1638
982 1719
1590 1094
627 1157
356 1159
983 947
983 1802
983 1339
1578 1518
983 1523
1871 248
984 75
984 1733
984 1766
984 1880
985 1153
985 1252
985 1591
986 766
986 806
986 1048
1135 1285
833 591
986 1700
986 1866
675 571
785 1230
987 1589
746 1408
1873 1128
1682 1726
989 366
989 1295
990 1089
990 1140
1390 1471
991 1798
991 403
936 1871
992 242
992 1684
992 401
1878 1266
992 1827
993 1339
1001 889
993 2
994 1232
994 1452
994 1795
994 1895
995 361
653 1620
1008 1633
996 562
1471 668
996 806
996 218
996 129
811 78
997 246
1229 1444
998 623
998 1094
780 1629
75 1819
999 1892
999 1664
1000 304
1000 1124
1000 573
1000 1100
1000 168
1000 1288
1000 1422
246 1517
1215 950
1001 415
171 460
1001 1351
1815 1569
1002 547
238 371
1002 1258
493 1765
660 234
1003 1004
1003 1085
1003 1131
1003 745
1003 1419
1003 1600
1003 1607
1003 1725
1003 1584
1004 1071
1004 1120
1004 1129
280 1188
241 404
460 1767
1004 1321
1006 721
1006 1181
1006 119
1006 1869
1007 1224
1007 1329
1007 408
127 1895
1008 879
930 898
1008 1555
1008 1559
1008 1589
1008 175
464 784
1009 1013
1009 381
1010 809
1010 1012
1010 1279
1010 1460
1010 1552
1010 1632
1010 1673
1010 1369
1010 1717
1010 436
1011 1254
1011 1314
1011 891
356 915
1012 946
1012 1629
1012 1715
1012 1797
1013 636
1013 843
1014 638
1014 1800
1015 805
1015 1413
1016 850
1016 894
1016 1835
1017 273
1017 413
1017 1464
1017 727
1017 1520
1450 1753
1018 1421
1018 972
1018 1769
1019 18
1019 1175
1019 1470
1019 239
1020 1816
1020 1552
1020 1893
1021 556
821 813
1021 1054
1021 1096
1021 1257
1021 1404
1021 1564
1021 429
1022 749
1512 971
1022 1178
1091 1506
572 712
1023 1062
1023 1159
1023 1353
1023 755
1023 1447
1023 1693
1415 1828
1024 133
1024 972
1024 383
1025 472
1025 528
1025 1507
33 1290
1026 882
1026 1012
1026 188
1026 1750
1026 1784
673 1566
1719 690
1027 790
1027 923
1028 435
1028 1200
1074 1665
1029 1472
1180 1018
1029 484
672 1527
1030 229
1145 730
1598 737
1030 1391
1030 255
1030 1650
1031 543
1031 907
1031 1160
1031 1209
188 1813
1031 1460
1031 1795
1031 1811
1032 701
1032 1130
227 1292
1032 1499
1032 1774
1033 353
1033 803
1033 1786
1033 1579
1034 255
320 337
1034 1441
1034 1692
1035 1149
1035 1587
344 1830
1201 1490
1440 839
1036 253
909 1218
777 1727
918 941
1479 1321
17 1655
1037 1735
1038 2
1039 1139
1039 1447
542 442
1039 1101
1039 1498
1040 384
1040 1149
1041 1491
774 979
1041 5
1041 1286
1041 1354
971 1883
1042 509
1042 657
1760 1406
1527 924
1043 1102
1043 1123
1043 1457
1044 221
1165 1042
1044 1064
1044 1195
859 1643
1044 1675
1044 1695
1045 1779
1045 927
1856 1692
1046 688
1047 551
1047 1675
1047 166
1048 1634
1048 1685
1049 710
1049 1070
1049 1229
1049 306
1049 179
1049 1413
837 1898
1050 475
1050 1004
1050 1791
1051 1455
765 1465
1051 192
192 1233
1052 1438
774 263
600 1573
1054 403
1054 1133
1054 81
1054 1757
1054 1078
1359 926
933 1601
1056 235
469 1059
1056 1062
1056 1212
1056 1616
1056 3
1056 1816
1057 1503
1058 936
1058 800
1058 1670
1059 905
1195 889
1319 99
1060 1397
1060 1467
1060 1808
953 1820
1226 1761
1061 1818
1062 584
1062 177
1062 1882
1062 1390
572 1497
1063 920
1063 1601
493 1229
1065 1287
583 165
1065 802
1387 1877
1066 426
1066 911
152 1101
940 1359
1066 14
1066 1619
1067 1101
1067 51
1067 1393
1067 1447
1067 1592
1067 963
1067 16
1067 1850
1713 664
1069 966
1069 1241
1069 1347
1070 631
1070 629
1070 1512
1892 1780
1071 1846
352 1878
1072 535
1043 707
1289 1793
1073 776
1073 1143
1073 1430
1073 1762
1312 1863
99 631
369 1591
1075 601
1075 644
1076 1516
1076 1139
1009 835
1076 107
1076 1299
1410 1082
1077 920
30 1773
1077 1814
417 242
1078 1517
1078 1890
1079 1080
401 1792
1080 553
1081 1264
714 1555
1789 1591
1441 1744
1082 793
375 1346
1082 486
1082 1325
1082 1757
1082 1379
1082 1433
1082 1669
968 1658
1083 1763
1084 595
1084 1127
1226 1324
1084 399
1084 752
1084 1750
1084 1823
1085 330
1085 1306
281 1617
1086 685
1086 1552
280 1191
1087 1282
1087 1319
1087 1371
1478 1192
1087 1712
1087 1735
1673 1852
61 1889
1088 1815
1088 1740
577 185
1090 1476
1090 1486
1091 511
1091 708
1091 1494
1091 965
455 1633
1092 1125
1801 1312
1092 667
1092 1569
364 1874
1093 767
1093 434
1094 1185
1094 1322
1094 1382
1506 660
1094 929
122 1120
1095 1470
1095 1370
796 1609
1095 774
1310 1796
1096 631
1096 865
1096 1110
1096 1197
1194 130
1096 1251
1794 1365
1096 1650
1096 1594
1096 1877
1423 1679
1097 1282
465 1694
1098 793
701 1160
1098 697
1015 760
1099 208
1099 321
1099 940
1099 1236
1099 1379
1099 1386
1742 1583
1099 1661
1185 935
1674 1155
1100 1432
1100 1590
1100 1650
1101 748
735 887
1102 419
1825 1126
545 1246
1102 1729
801 1148
1104 997
1104 1253
1104 1293
1070 1505
1104 48
1104 133
486 197
354 1547
1105 1781
1106 421
1106 851
1106 1745
1107 814
530 944
1107 1479
1108 367
1108 710
1108 1477
1108 1672
1108 1774
1109 639
295 767
1109 953
709 724
699 593
766 1594
1111 1209
1111 1420
1111 1488
1111 1639
1111 1641
472 1840
1112 810
1112 1377
1112 1819
1113 677
1113 1105
1735 1164
1113 1206
1195 1653
1113 1664
1113 1698
1114 1383
1114 1857
1643 694
1585 1161
1115 1255
1115 1331
1115 669
988 1534
0 1588
1116 489
1116 1766
1728 1315
1116 1337
1116 1461
1116 435
1118 1401
1291 260
1118 1889
1120 1804
1121 1567
54 1087
1121 1680
1121 1488
1122 1475
674 1565
1123 1054
1123 1067
1123 509
1123 1432
1580 1763
1124 59
749 553
409 1381
1125 1731
1125 821
1125 887
1125 966
1125 985
1126 382
992 779
1126 1027
1126 795
1126 1235
1126 1302
1126 1428
1126 1885
1428 1777
1128 1185
33 1702
1129 308
1130 471
1130 588
1437 1048
1130 1116
1130 1324
1130 1424
96 1085
1131 1154
1131 108
1131 1266
1131 1805
1132 580
1132 592
1132 1244
1132 1490
1132 1577
1716 1491
1132 1759
1213 1203
1461 1373
1133 1235
1133 1669
1771 1382
1134 1085
1211 1361
1135 569
986 866
1135 1684
1136 1171
1136 1249
1136 1376
1348 1829
804 1566
1138 779
1138 849
1138 1120
1105 1305
1138 1681
1118 1546
1140 146
1182 1243
1140 1146
1141 677
308 680
1141 1119
782 668
1142 640
1142 1123
1142 1222
1362 1385
1330 1452
1142 1332
1782 1598
1252 1842
417 1105
1143 432
1143 1281
1548 1146
1144 1253
1144 1368
1144 1442
1144 1604
1145 532
1145 880
869 1185
1145 1387
1146 785
1817 1450
1146 1574
1146 1618
919 1671
1146 1787
1146 1792
1197 1025
1148 1109
900 1577
1703 995
892 1460
1853 1486
1150 1027
1220 1262
1150 1320
611 1325
1115 1388
1150 1452
1150 1884
728 361
1151 674
1151 1641
657 1117
1152 1361
1153 949
1153 1714
532 1534
901 1617
1153 1801
1154 306
1154 41
1154 940
1154 1116
1154 1517
1154 1611
1155 993
1155 1391
1155 1611
1155 1809
1155 1895
1516 302
1156 1740
1157 315
998 1596
222 284
158 79
1160 549
1160 868
1758 928
789 1189
1161 29
1161 208
324 944
1161 1165
1161 654
1161 1512
1162 944
1162 798
1162 1247
1162 1435
1163 973
1163 338
1164 1159
1474 1230
1165 899
1165 1011
1165 253
1165 1183
1165 1390
1165 1487
1165 629
1403 1819
1166 830
847 994
1166 1157
1166 1186
1166 1749
1167 848
1167 957
835 470
1167 1154
1167 1553
1168 178
1169 1441
1169 1445
1169 1498
1169 1693
1169 1861
1170 1249
1170 1471
773 794
1172 1173
1172 614
1406 511
1173 1565
367 313
1173 1364
617 1202
1175 882
387 1002
1176 63
1176 1227
1176 478
1177 345
1177 1106
1177 747
1283 1529
1178 523
1178 1263
1178 423
1400 1533
1178 1692
1479 1836
1179 969
1179 1216
1179 1267
1654 557
1179 1535
1179 247
1659 1848
1180 1201
1029 1508
1180 1595
1181 1784
1181 1756
1181 1312
1182 856
1182 991
300 253
1182 1658
1183 999
1183 1284
771 1543
1183 132
1183 1855
1184 758
1184 1110
1131 1412
1184 1563
1185 1024
1296 967
1186 1766
1186 1314
1186 1444
1187 579
1465 813
230 1447
970 1723
1188 245
1109 568
1870 595
1215 415
1189 1279
1189 10
1190 240
1190 1062
1190 1484
1190 1179
367 1311
1192 1172
1193 524
1193 1052
500 414
1193 1544
1193 1728
1194 470
1194 1112
1194 1429
1864 1036
1195 490
1195 57
1195 1268
1195 1380
1195 1717
503 1690
1113 1843
479 636
1772 1229
1197 1020
1197 1606
377 1811
834 1816
1198 1015
1199 822
1570 1660
1199 1796
895 626
1200 1159
1200 1393
1201 938
1201 1311
1201 1615
1800 1636
1202 237
751 1223
1202 1252
1202 1499
1204 722
1204 1233
1204 839
1357 1287
1204 1683
1205 692
1205 1152
1206 342
1206 1819
1206 1097
179 23
1206 1626
1206 760
1207 1423
1207 1087
1207 1137
1207 497
1207 1594
1208 785
1765 484
1208 678
774 1311
1209 150
1209 658
1210 523
1210 1562
1210 1753
1210 1798
880 252
91 934
1211 1388
1465 1788
1211 702
1212 887
1212 1086
1642 1441
1212 1816
1656 679
1214 395
1214 845
1214 1162
1214 1329
1214 756
1215 665
1216 406
1216 1239
1216 1237
946 1417
1216 393
1217 1275
2 1378
1217 1394
1217 1619
804 1896
1218 1355
1218 1336
1725 1789
1219 539
1219 1418
1219 1300
1675 1571
1220 530
1220 952
1220 1048
917 1322
1221 506
1453 539
1024 821
1222 613
1222 1652
1223 777
1223 941
1223 162
1223 1391
1223 1524
1223 1799
1224 821
1224 649
674 1579
1539 826
1550 1357
853 88
996 1458
1495 157
1227 969
1227 1666
1227 924
361 1760
1228 1283
1228 1587
1228 1230
1228 1822
1228 1717
1229 115
863 15
1230 637
1400 386
117 328
1571 880
1230 1843
1231 1129
745 1315
1232 1695
1233 38
1233 546
1233 686
1233 689
1233 326
1233 967
1233 1358
1233 1140
1233 1658
1233 1758
1233 1803
120 1126
1234 1394
1234 1822
1235 189
1235 977
721 163
257 1234
1235 1578
1202 1458
1320 258
1236 958
1100 1701
1238 340
1162 584
1238 1125
1238 1367
977 1006
508 1236
1188 361
1240 932
1240 876
1241 372
359 678
1241 1288
1028 1314
1241 1851
607 1592
1242 1296
1242 1321
687 1524
982 1639
913 777
1243 926
1243 1581
1654 1846
1244 677
1244 903
1244 1293
1245 778
1245 822
1245 1616
1245 1215
1245 1471
1872 1857
1246 631
1246 801
1246 206
1247 172
1248 1189
1248 133
1248 879
1249 1648
1249 727
1250 627
1250 701
1664 1069
1250 1475
267 1615
1631 1364
1251 1719
1251 1741
1252 1637
1753 1681
1473 1303
1252 1780
1252 1805
1252 1845
148 490
183 1127
1253 1179
1253 1563
1553 762
889 1582
1254 75
1254 1647
1254 1684
1255 420
1133 1161
1255 1280
1255 92
1384 1665
1255 1670
1256 1378
1256 1485
1256 1656
1258 1353
1258 1720
1258 1427
29 1715
889 1760
1259 1564
1259 1387
1260 856
579 961
1260 1125
1260 896
1261 1333
705 1000
235 1717
936 1382
1263 1083
1263 1502
1264 818
1264 952
1264 994
1871 1259
1265 147
769 1380
1265 1658
1610 670
489 812
1266 1769
1266 718
1266 762
1662 1278
1266 1577
1266 1592
301 262
1267 668
1267 1693
1268 1057
1268 58
1268 1194
1268 423
1269 321
1330 386
896 1087
390 1236
788 965
1371 1316
1840 1409
1818 1434
1273 499
1273 1253
1273 1448
916 1520
1274 720
1650 39
1275 917
654 1202
593 1434
1276 220
1366 1314
1276 519
1855 1515
1276 1563
1276 533
1825 1895
1277 1483
618 996
200 54
1279 1730
1280 1435
632 1457
1280 1554
1280 1597
1281 1433
1282 1655
1282 1353
1282 1430
644 400
1282 1678
1282 1694
1283 938
1283 1123
1284 1133
1285 1007
1285 1533
1285 874
1457 1426
1286 1458
607 1810
1287 1423
1287 1375
1287 1312
1392 764
1288 796
1874 1766
1288 1897
62 1652
1290 1384
736 1773
1292 354
1292 1819
1292 317
1292 1157
1804 1200
1292 1315
1292 1343
1292 1628
1292 1671
1292 1878
1293 1554
1293 1137
1293 1382
1293 1816
1294 1078
1294 775
1295 792
1583 893
1599 994
1295 1384
1295 1515
1295 370
1295 546
1295 1850
873 1268
1296 1447
1297 1370
261 900
1299 742
1299 1138
1299 1636
1299 1422
1188 1247
695 1378
1300 936
360 1721
751 1282
1302 475
1302 1125
1302 1209
1302 1391
1302 1009
1304 373
654 1183
1607 1734
1530 1607
86 1658
1307 1762
1307 964
1642 1473
1308 1228
1151 156
1309 1784
1095 1056
1310 1024
1310 1376
1310 1563
1310 1898
1311 721
1311 1222
1311 1232
1836 1260
1311 1421
1073 924
137 139
1312 1062
1312 1144
1313 362
42 1204
1313 1444
1314 1068
1314 938
1314 1638
1315 443
1315 916
1315 1460
1316 1218
1133 532
1316 1610
1316 1641
1316 1642
143 874
60 1499
1317 64
1318 597
1318 1200
151 1243
1318 472
1319 722
1319 1384
1319 1387
1815 1521
927 875
575 750
1321 1878
1123 1348
1321 1688
1321 1721
1322 513
1322 1423
899 1741
1322 1824
1322 1865
1396 429
1402 1517
539 1709
1323 1889
1324 754
1324 1578
1324 928
1064 1713
1324 1548
1324 713
1324 1638
1324 1718
875 1839
1324 1831
1324 1849
1325 1262
1325 1534
1326 659
1326 194
1326 1471
1326 440
1286 1379
1434 1796
1327 1831
1328 1034
1328 1115
1556 401
1329 1859
1329 1587
1329 671
1330 67
1330 820
1330 1346
1330 1368
1330 1396
1411 1580
1269 815
1330 1671
1331 1179
1331 642
1331 1695
1331 1840
1332 989
1501 1062
1332 1593
1332 786
1332 1829
1333 1360
1333 1578
1333 1898
1334 1314
1334 1525
1334 1574
399 1736
324 1608
1336 1854
1337 474
1337 1014
1337 1897
302 1675
285 1017
1338 94
1338 1217
1338 1378
1338 1567
1339 279
1339 997
1339 1051
1339 1157
1339 1341
1339 1735
1340 654
1340 1418
1340 1507
1340 1737
1340 1258
612 865
1341 1680
1517 859
1342 971
1343 1288
1343 1597
1343 1220
92 1324
1819 765
1344 1001
932 1862
1345 1049
195 231
1346 1388
1347 511
734 1127
1347 1241
1347 609
1347 1547
1760 95
1219 1216
1348 1474
1350 462
1015 1446
1351 1189
1418 1668
1882 1812
1352 239
934 1531
1139 1648
1354 557
1354 1558
1354 1581
1772 1812
1355 149
1355 1443
1355 1874
1356 946
1357 1867
1357 1384
89 1823
1358 1502
1359 1597
1055 975
1549 1065
1359 1712
1360 972
1360 1083
1360 1099
536 556
522 525
1502 1755
1363 794
1363 1852
786 287
1364 691
1364 1442
1364 1660
1201 600
1365 1197
1366 1088
1276 1690
1366 1800
656 825
1367 296
1368 654
1792 1062
154 1146
803 1346
1368 916
1488 1569
1369 1651
1369 1708
1369 1778
926 1881
3 1680
1371 1527
1705 1871
1479 140
1372 1395
1372 1524
1372 1530
1372 1727
1372 1745
1372 602
1373 443
1185 72
1373 1127
1373 1262
1373 1749
803 1252
1373 1841
1374 1042
1374 475
1374 1241
1374 1509
1375 1310
1376 1061
1376 1445
1012 1452
978 1555
1376 1499
1220 504
1377 1231
1378 967
1265 1876
1378 1192
1378 1275
1378 1541
1239 777
1379 817
1380 1268
1380 1740
56 317
1381 1892
1382 1710
1483 1102
212 1387
1383 1711
443 1312
1384 635
1384 1841
1385 168
1385 1113
1385 970
1386 988
1386 387
1065 1462
1387 522
1387 1185
1387 97
189 1302
1058 588
1389 860
1389 1390
888 1438
1389 396
1391 1053
1391 1182
1391 1560
1605 1812
589 837
1392 1319
1392 1788
171 118
1394 957
52 750
1394 1843
299 254
1395 297
680 648
675 1755
231 1806
1396 1026
638 864
1396 1650
1397 961
1397 1412
272 1419
858 1764
1397 1831
1397 1881
1398 1250
1399 837
1400 1250
1418 1664
1111 1808
1402 240
1776 658
1402 1345
1403 869
1403 1812
1404 386
946 1449
1404 1568
1405 1348
1405 565
1405 880
1405 726
1405 1283
496 767
1406 783
1406 14
225 158
1407 1549
1407 1795
1566 650
1408 1456
1408 1655
1882 1563
1408 1602
1409 175
1409 1075
639 1279
1409 1292
430 1417
1409 245
1409 1625
289 1120
1411 800
1411 1177
1184 1349
1412 328
1412 1443
1413 790
1415 771
1592 832
1103 1335
1416 1042
1083 1148
348 385
1418 1499
1418 814
1401 1061
1418 1657
1419 554
1419 1080
1419 1167
1419 384
1420 764
1420 683
1420 1262
1420 1810
120 1696
1420 307
1421 1377
1421 616
1583 1132
299 1868
1036 1866
1423 343
852 1638
1424 1005
1424 1324
1425 533
1425 744
1425 691
1425 1427
1426 9
1426 841
553 659
1427 1038
1427 1202
1812 1353
1427 889
1428 687
1428 726
1428 1165
1428 1697
1428 1001
1431 801
1432 1588
1432 1887
1875 654
1712 507
1433 1249
319 1181
1873 423
1435 784
1435 832
1435 1128
1435 1831
1711 1845
1436 522
1436 1527
1437 1126
113 1740
1438 1233
1438 1876
1439 1323
1439 1538
1440 1558
1637 1561
1667 1749
1666 258
1441 1081
1366 756
980 901
1441 1286
1443 1017
1444 422
1444 1311
1444 1655
1444 1213
1444 1791
1444 1797
1445 478
611 1142
718 1419
1446 1166
1446 1820
1447 321
325 1244
1401 1414
1448 786
708 1294
1448 1707
1449 493
1450 1394
1515 1094
1451 1241
1451 1440
1314 1604
234 1698
413 654
1452 678
1452 1056
1452 1445
1453 1313
1454 1448
1454 1047
551 1287
1455 1199
1455 1204
1455 1805
1656 1858
247 1152
1827 1302
1457 1452
1458 1611
1459 1183
1459 1312
1459 1086
943 1814
1459 1769
1459 1896
243 1017
1460 870
1460 1338
1460 841
1460 1625
1461 621
1461 1163
1461 1203
244 1232
1461 1247
1461 8
407 1616
1462 656
1395 605
1612 1763
1463 539
1463 668
1463 1525
1463 819
1463 1577
306 518
1465 1230
1465 1104
1087 1260
1374 260
1466 937
1653 1786
1466 1610
1467 1200
125 1713
265 1216
1468 701
1468 918
1468 1825
1469 911
1469 1617
1469 1761
1470 870
1470 1645
1470 1505
1470 1736
1471 1141
996 1448
1471 1735
626 1261
1472 1105
288 1782
1252 322
293 810
1473 1780
1473 297
1497 452
1474 823
1173 914
1474 1162
1474 1648
1474 327
1484 637
1475 1305
346 932
1475 1799
1476 1439
62 1191
1476 1442
1477 732
1477 862
1477 1096
1477 942
1477 1390
1478 689
1478 877
1478 124
1478 1314
1478 582
1478 1639
1478 1747
275 1210
1479 1375
1479 1887
1480 1678
1481 1092
1482 464
1482 595
675 1677
1226 1832
353 865
1484 975
1484 1029
1484 1278
1484 1624
1485 368
825 1602
44 1670
1486 518
1486 662
878 1385
1486 1563
1486 1606
1486 1134
1115 1001
1487 927
1487 1742
1488 757
1488 871
1488 1392
1244 1449
1488 1282
1488 1755
1488 241
1489 529
1490 1651
1490 1873
1675 1396
1491 1823
1492 1818
1493 977
1493 1737
1494 809
376 905
1494 561
1494 1706
1494 1639
1494 1642
1801 1183
1495 1895
1496 634
1496 1617
730 815
1496 1731
1496 1601
1405 931
1497 564
531 690
1498 762
1498 1005
1777 1513
1498 1592
1499 1252
1499 1306
1499 1688
1500 888
1885 915
1570 1076
1500 1707
1501 1369
1502 793
1843 739
1502 1588
1716 439
1504 1447
617 1618
1505 1295
1506 655
1506 1781
1506 1178
1506 1201
1506 1674
1506 1814
1080 495
1246 1039
1508 443
357 1816
1509 713
1509 1428
1509 1720
1509 938
1510 271
1511 214
1511 828
1166 1712
1022 447
1513 911
1513 927
1513 1413
1513 1873
1754 117
1514 894
1514 1841
1514 1048
1514 1649
1514 1766
1515 941
1515 1125
1515 1314
521 855
1110 692
1215 977
1264 1525
1342 985
49 1152
1517 1238
1071 1287
1210 1625
42 1438
84 1809
1519 1484
842 1480
1520 881
1521 709
1521 141
1549 1387
1572 1651
1521 1408
1521 1896
682 58
1522 1011
1837 689
1074 1295
1525 452
268 1066
1525 1490
625 580
1526 798
818 998
784 1000
626 1643
1526 1847
1341 1685
1527 1542
1527 1029
1527 1382
1527 1087
1527 759
1528 968
1528 1063
1528 1229
1528 1256
1528 1545
124 382
1543 300
1551 878
1531 1054
1841 523
1531 1619
1531 1627
1531 1807
1532 966
133 1595
1533 660
1533 1263
1533 544
1533 1799
1410 551
1534 22
1535 270
1818 128
1536 1047
1770 1796
586 892
1459 1325
810 1417
962 413
1538 690
1538 828
1538 864
1538 1036
1538 1300
1538 1510
1538 1165
1125 1309
1539 1350
579 1201
159 163
1540 1624
1540 1870
1540 1333
1541 1080
1541 836
1542 808
1037 1044
1542 1073
1542 1261
921 1279
1543 1827
1543 978
1529 1138
1543 1596
1543 1679
802 1879
1544 1459
1545 1456
1556 1523
1548 1815
1359 1594
1255 985
1079 1646
1550 1822
1550 1446
52 806
1551 1123
1551 1244
3 969
1551 1469
1551 1798
1552 901
857 1267
150 1452
1552 105
1553 1353
1254 1729
268 1851
1554 59
1554 1457
825 1727
840 809
1555 1847
864 839
1555 1840
1555 1854
1556 967
1556 1083
676 922
1558 1516
1558 814
1558 857
1558 1018
1558 168
1558 1247
1559 1198
1269 842
1559 1552
1559 93
1560 155
1562 726
1433 1392
1562 1459
1563 919
1563 1412
403 257
1564 1096
1564 1054
595 596
1433 1734
1566 865
1566 1062
1566 1155
1566 863
1566 1069
1567 146
1017 1100
1567 1141
1568 1449
665 1317
985 1061
1569 16
1896 975
1569 1040
1569 1346
1199 1107
1230 546
1571 956
1571 1094
1571 1443
1571 1585
1572 601
959 1044
672 1372
221 227
1573 1325
1573 1385
1065 1179
631 1725
1574 1779
1857 298
540 1153
1576 621
1576 1854
1576 1234
1576 1587
1577 737
1577 1185
1577 1251
1577 1763
1430 634
1578 1348
1895 263
323 1792
1399 1829
1579 979
1579 370
1579 1520
1816 119
1580 1655
1535 13
1581 1443
1582 500
34 1255
1583 168
1583 1495
1799 529
1850 703
1583 914
1583 1563
1583 1514
1865 548
1585 817
1585 837
1585 1673
1236 312
617 1689
753 507
1587 367
1587 1237
1588 1392
1588 1627
1588 1834
1589 553
1589 1232
1589 1730
426 1432
1590 1589
983 1652
1590 1782
1590 1898
1591 1264
909 1729
1592 1743
1592 693
1593 1698
1593 1652
1593 1653
1594 1189
1595 659
1417 1005
1596 690
1279 1557
1597 1087
1597 1181
1687 1759
1598 761
1030 1111
1598 1437
1598 1527
1598 1779
1295 1832
1600 1281
1601 1451
1801 283
1602 644
403 1009
1602 1016
1602 1138
1602 1152
884 347
1603 1493
1604 553
1857 560
1604 1534
1605 1255
1605 1328
1605 1829
1606 1470
1606 1494
1607 101
1608 729
631 1721
1609 956
1756 1170
662 1547
1609 1503
1610 1345
1610 1372
877 667
1108 1704
1611 1418
1611 1634
1611 1652
1611 1731
1611 1772
1462 956
112 1023
918 1014
1612 1494
852 1293
588 1654
1614 1009
249 1629
1614 1884
1615 1447
454 1639
639 1822
1615 1867
1214 1127
1616 1806
1617 1254
1617 1783
1617 1306
1617 1410
1617 338
1618 870
1618 1535
1618 1881
1619 1005
1619 447
1619 1130
1620 1267
1621 628
1240 1010
1621 1399
1621 1307
341 1634
1622 1636
1623 1417
1624 1513
1624 560
1860 998
1625 1094
1625 1205
1626 599
1626 822
1627 1610
1627 1834
1628 1422
1628 1290
120 1435
1303 1728
1628 1772
1629 1286
1629 811
1162 1269
1629 1435
1629 1664
1011 1034
1630 1364
1630 1391
844 1870
404 1852
91 1341
1633 540
1633 1307
1633 1808
1633 1152
1633 1834
1034 564
1634 531
1634 763
1634 1110
1634 1691
1634 1891
1635 1249
1636 387
1636 677
1637 126
1009 878
363 968
1639 775
1639 875
1639 1582
1639 96
199 457
1641 691
1641 1243
1641 1605
1641 1877
1642 1599
1484 1778
645 240
1643 310
1643 1299
1643 1363
1644 72
236 1238
1645 592
360 1232
1645 1734
1645 1298
1481 833
911 1709
650 756
1647 832
445 764
1245 6
1885 1232
1648 1601
1649 300
1649 309
1649 450
1649 1268
1139 1794
1129 1874
744 1126
1274 1641
1650 89
1651 1171
1100 363
1652 1448
1652 1408
290 435
616 906
1653 1206
1653 1440
1653 1652
1654 434
1243 887
1741 38
1654 1484
1655 234
1655 1520
1655 1167
1842 1148
1655 1256
1655 1559
1655 1483
1655 202
1655 1779
786 500
1585 392
1250 1446
1657 55
1658 682
1658 1607
1659 1186
1659 1500
656 720
1660 1286
1832 1237
1661 406
1661 976
1662 302
1662 741
1662 1107
581 323
1663 981
1663 973
1051 1443
433 1029
1665 855
1665 1045
457 1280
1666 634
1666 363
1666 1158
1666 1861
1667 1268
1667 1498
1440 1847
1669 1167
1670 361
1670 605
1670 1189
1671 1049
1672 1047
812 861
1370 1576
1672 1587
535 1877
1673 223
1673 1122
1673 1833
1674 1257
1674 1615
1675 954
565 1118
1675 842
1675 1556
1675 1577
1219 1643
1676 1164
1158 163
585 841
1677 944
1678 667
1678 542
1678 1075
1678 198
908 1585
1678 1676
1678 1772
1679 657
1679 1304
1679 289
1679 1592
1679 1865
1680 827
933 1093
1680 1567
1681 1110
1681 1385
1681 1730
1681 732
647 407
1682 1441
1683 377
1683 1287
1683 1843
1683 1636
1683 1677
1683 1765
956 1044
1684 279
1684 949
1684 795
1685 1269
616 1398
563 90
1161 646
1366 1706
1687 735
1687 762
1687 1508
1688 848
82 1623
1689 919
1689 1170
1295 1276
1690 334
1690 742
1690 1217
1690 1499
1690 1531
1690 1304
1691 999
175 789
1208 1380
1691 1480
1691 1809
1692 1404
463 118
1693 543
1693 1575
1694 1736
1694 1678
1695 411
1696 1037
363 1112
1696 1118
1696 373
668 190
1696 1265
1696 1710
1696 1884
1697 1340
1697 1711
12 138
1698 1412
1698 1695
1353 520
515 1169
1551 64
1700 1632
59 599
1701 382
1737 381
1702 938
1702 1078
794 1717
1702 1379
1702 1492
1703 1091
449 1417
1296 1584
1704 1331
282 1144
3 1617
1705 1681
1371 1252
839 683
691 1699
353 832
1707 839
1707 972
1707 608
1707 1042
1707 1396
1707 1588
1707 1620
1798 1114
1708 1666
648 1741
1708 1864
1298 1267
1709 1428
1709 1464
1354 1792
1710 1114
1710 1298
351 1558
516 1775
1434 1018
1711 1717
1712 687
1097 944
209 1863
1713 1794
1068 738
1713 1326
1713 1378
1713 410
1713 1572
1714 1409
1714 1797
817 971
1715 818
1715 1818
1717 332
1717 1169
1717 1478
1718 1278
1765 1271
1718 1548
1719 368
654 1071
1719 1313
1720 768
138 1204
1720 1327
1720 1670
1800 1778
1721 1487
1721 1522
1721 1657
1721 1686
629 1888
1405 499
1722 881
1723 1306
1723 1536
1723 1656
397 645
1724 932
1724 1082
1228 1747
1725 1744
144 458
1726 1003
792 1183
1727 1233
1727 1724
1727 1605
1727 1532
1727 1746
576 1819
1728 516
660 534
1729 622
8 712
1729 1050
1729 269
694 1460
1730 1493
1283 1657
1731 698
1542 1278
1731 1297
1849 1853
1732 1013
1732 1081
1244 420
456 1051
1733 1432
1733 1566
1733 1570
1733 903
1249 1753
1734 1683
235 271
1735 864
1735 1843
1736 1574
1422 1845
1363 383
1737 902
1737 1446
697 1447
1738 1295
1738 1555
1739 1285
78 1796
1740 1274
1622 1341
1740 194
1741 247
1741 1381
1654 1719
1742 1084
31 1185
1742 1868
1475 827
1744 519
218 1593
1745 385
1745 768
1745 1234
1186 347
1746 634
1599 883
1747 1510
61 1639
1747 1864
1748 1171
1748 1567
698 545
1749 1183
1749 726
1749 1792
1750 897
1715 1096
270 1394
1851 1593
1216 1011
1751 1400
1751 1637
1752 759
1753 1889
1147 1655
1755 837
1755 1412
1755 1701
1827 861
1756 1682
1757 282
519 1039
1757 1136
1757 1336
1757 1609
859 444
353 1741
1758 764
1030 86
1759 823
1759 961
1759 1679
1760 770
1042 249
1761 1741
542 591
1218 987
1762 1882
1525 126
1763 1569
1763 1760
1763 1775
1764 240
1764 904
897 1311
1764 1419
1764 1512
697 826
1765 1286
1007 1025
1767 966
1144 1071
360 1208
1767 1630
924 1088
1040 1797
51 1596
1769 601
21 1724
1769 1343
1769 1635
1770 851
1536 1432
1770 1540
1771 787
1771 659
1771 1179
584 313
1772 415
1772 612
1772 1082
1772 1322
1354 1446
283 1470
1772 1634
1772 1773
1772 1840
570 530
1773 548
219 1011
1774 1203
1774 1084
1775 1076
1775 1129
1775 1887
1776 1579
1286 364
1777 702
1777 978
1777 1356
1777 1453
1777 1540
1778 792
1779 1630
1780 1482
1780 1151
1780 1766
35 1772
649 1804
1672 1843
1781 623
1781 1335
1781 1701
1782 495
1782 991
1782 1036
1782 1429
1142 1622
355 755
1783 256
962 664
1784 861
452 532
1784 1372
1784 1406
1784 1240
1785 1029
1785 1044
1785 1659
1785 1873
1126 1426
595 1045
1787 662
1787 1386
1787 1587
1787 141
1787 1671
1788 505
1788 723
1788 885
1788 444
1788 359
1789 345
1789 1219
1789 1559
1789 1336
1789 1713
1476 1356
1790 677
1791 1145
1791 341
1791 1781
1368 755
1792 1032
1792 1072
1793 1663
1793 1072
1793 1304
1793 1816
1096 365
622 649
1795 896
1795 1452
1795 1746
361 1766
1796 193
1796 757
1796 1460
1797 1200
1797 464
1797 1343
1798 1581
423 1228
1798 1818
1799 712
1799 1567
1799 565
1279 655
429 1524
1799 1535
1799 544
1800 779
1800 1078
1419 620
1801 759
1801 953
1801 1137
1802 604
1827 1415
1200 1716
1803 786
1803 1868
1803 1511
1804 577
1804 957
1805 670
1805 761
1805 1421
1806 1085
685 1755
1807 1442
996 1532
1807 1647
1807 1540
1231 1264
1808 85
1808 1429
1809 1184
1809 1188
1809 558
727 1457
627 615
1810 800
1867 631
1811 988
1811 1858
1427 523
1812 1106
1812 1558
1812 241
517 1198
1813 1300
1814 1748
1738 277
1814 1674
1815 842
1061 187
1096 1278
1319 1237
1403 1255
1815 733
1815 1896
1816 488
1816 1440
1816 1120
1816 728
1146 1174
1817 1443
1817 1725
1818 1551
1344 357
1819 817
1819 1697
1820 502
1820 1590
1188 936
123 989
1822 1107
1822 1283
1328 1394
1822 1722
1823 1324
1823 1384
1823 1621
1823 1751
1823 136
1630 1888
1824 787
1824 1327
149 1364
1824 1575
1824 1808
1825 703
452 783
100 1048
1826 1479
1827 1283
1827 90
1802 42
1828 329
1828 704
1828 1353
1829 440
1829 717
1829 950
56 1227
1093 1249
1829 1330
1829 1618
1829 1781
1830 1069
1830 1352
884 1431
1830 1609
1830 1637
155 1567
1831 1398
126 1796
282 726
1832 1449
1661 1677
1832 310
1833 573
1833 1156
1833 1889
1834 616
875 651
1834 848
1834 1333
1834 1446
1835 1343
1835 1489
1311 1115
1838 415
1838 1220
1872 1275
1838 1688
1838 1717
922 1293
1840 1420
1840 1820
1841 286
1841 1749
1841 1753
1150 1878
1842 468
635 950
1842 1222
1842 1829
1843 1010
1843 1815
1426 1393
1843 1690
1122 845
1844 1155
1844 1209
1845 1831
1846 1771
1063 1643
1847 1651
985 1198
1849 917
1667 1638
1850 1203
1851 898
1851 1254
1851 1490
1852 1058
1852 379
1852 1510
1852 1527
1852 1274
1853 634
1853 933
1853 1091
1853 26
1853 1466
1854 58
1854 1207
1854 228
1855 1027
1855 1543
1855 411
1855 1675
1855 1689
1856 678
284 97
1856 1717
1856 1802
1857 779
1857 1160
1857 1016
1857 1302
1857 1383
1575 1434
1115 1648
1858 868
1858 1288
808 993
1383 1528
412 1065
1860 1391
1860 1632
567 1498
1861 1715
387 554
1599 1327
1862 1413
1863 1882
1863 365
1863 748
1863 1274
1863 1594
1092 1746
1864 497
1864 1520
1864 1622
1864 1632
886 1676
981 1362
1865 1161
1866 761
1866 820
1866 1140
1866 1302
1866 1565
1866 1877
684 1276
922 1286
1868 734
1868 1522
80 77
1868 1628
1868 1833
1869 570
1869 1552
1138 1636
1243 1045
1870 1046
1188 525
1870 1524
1870 470
1871 1494
1871 1836
1872 1423
330 1779
566 1522
1873 1824
1874 455
1874 1612
1874 1368
223 1443
927 978
759 1750
610 283
1876 1608
1877 701
1877 1088
1877 1287
56 396
1878 1695
992 1557
1878 1022
1878 1315
1878 1793
1879 881
1879 1453
1879 1325
1880 141
1881 876
1881 1158
1408 389
24 1309
1882 1482
1882 1889
1196 745
1883 664
1883 1589
1884 776
1884 443
1884 1502
1885 877
1885 1051
1885 1347
1885 1886
1885 1890
1886 330
1886 1430
1886 1524
6 1696
1887 431
261 711
1888 1088
1888 250
1889 1714
1889 1445
1889 168
1889 1415
1889 402
1890 1434
1890 771
1890 1110
1890 1279
1890 1314
1890 1874
1891 816
1891 88
1891 1858
1892 130
1833 396
1071 1228
1893 780
1893 862
1893 1376
1893 906
636 1444
1893 1656
1893 1676
1894 761
1894 978
1894 637
1894 1561
1895 1443
1895 1624
1895 1642
1129 1809
947 370
1897 822
1897 1228
1897 1428
1897 116
1898 1413
1898 338
