2000 10094
0 326
0 495
0 552
0 622
0 624
0 748
0 794
0 879
0 992
0 1246
0 1402
0 1420
0 1573
1 97
1 157
1 209
1 836
1 1116
1 1236
1 1600
1 1619
1 1764
2 712
2 719
2 885
2 1284
2 1879
2 1943
3 359
3 428
3 852
3 976
3 1110
4 81
4 305
4 875
4 1096
4 1132
4 1211
4 1359
4 1488
4 1503
4 1518
4 1536
4 1597
5 57
5 245
5 307
5 463
5 485
5 598
5 622
5 700
5 735
5 820
5 982
5 1025
5 1181
5 1496
5 1546
5 1840
6 38
6 66
6 246
6 299
6 483
6 711
6 738
6 1919
6 1942
7 286
7 659
7 754
7 917
7 1097
7 1391
7 1430
7 1450
7 1493
8 103
8 257
8 524
8 752
8 877
8 1144
8 1378
8 1411
8 1416
8 1436
8 1557
8 1599
8 1937
9 156
9 227
9 295
9 412
9 435
9 491
9 578
9 619
9 666
9 1120
9 1512
9 1621
9 1629
9 1718
9 1733
9 1771
9 1865
10 292
10 715
10 1174
10 1394
10 1463
10 1797
10 1799
11 114
11 153
11 156
11 613
11 870
11 1245
11 1508
11 1621
11 1845
12 81
12 86
12 141
12 276
12 607
12 918
12 1276
12 1367
12 1511
12 1578
12 1763
12 1907
13 774
13 798
13 942
13 1088
13 1370
13 1956
13 1985
14 188
14 265
14 410
14 449
14 917
14 930
14 963
14 980
14 1013
14 1158
14 1340
14 1346
14 1565
14 1810
15 427
15 460
15 597
15 912
15 1019
15 1285
15 1290
15 1301
15 1676
15 1681
15 1778
16 223
16 248
16 592
16 657
16 677
16 1249
16 1580
16 1637
16 1749
16 1794
16 1965
17 130
17 538
17 590
17 614
17 892
17 1159
17 1330
17 1445
18 182
18 363
18 492
18 990
18 1133
18 1818
18 1841
18 1922
19 401
19 440
19 1133
19 1205
19 1288
19 1456
19 1640
19 1673
19 1885
19 1977
20 145
20 224
20 255
20 261
20 265
20 412
20 426
20 464
20 465
20 516
20 865
20 900
20 946
20 989
20 1076
20 1568
20 1887
20 1962
21 159
21 431
21 673
21 913
21 1059
21 1167
21 1460
21 1547
21 1646
21 1744
21 1761
21 1853
21 1943
21 1981
22 126
22 689
22 914
22 918
22 1071
22 1438
22 1541
22 1653
22 1781
22 1784
23 118
23 187
23 438
23 756
23 924
23 972
23 1173
23 1227
23 1450
23 1530
23 1618
23 1865
23 1979
24 168
24 206
24 256
24 787
24 795
24 1036
24 1219
24 1246
24 1315
24 1330
24 1549
24 1874
24 1931
24 1961
25 71
25 230
25 431
25 928
25 1189
25 1768
26 106
26 305
26 607
26 633
26 659
26 906
26 1123
26 1135
26 1167
26 1256
26 1462
26 1628
26 1716
26 1741
27 159
27 198
27 502
27 660
27 1450
27 1643
28 643
28 696
28 736
28 754
28 772
28 1070
28 1265
28 1309
28 1588
28 1969
29 276
29 784
29 899
29 1246
29 1765
29 1806
30 93
30 289
30 353
30 391
30 735
30 737
30 1229
30 1755
30 1825
30 1891
30 1985
31 165
31 240
31 486
31 548
31 633
31 719
31 891
31 1110
31 1574
31 1816
31 1860
31 1929
31 1979
32 126
32 371
32 623
32 1028
32 1199
32 1271
32 1378
32 1682
33 745
33 790
33 922
33 1123
33 1492
33 1846
34 270
34 478
34 505
34 628
34 1141
35 172
35 681
35 685
35 1100
36 400
36 913
36 1050
36 1088
36 1210
36 1284
36 1479
37 87
37 469
37 610
37 743
37 744
37 785
37 802
37 842
37 852
37 1300
37 1454
37 1695
37 1823
37 1941
38 184
38 358
38 1218
38 1363
38 1589
38 1621
38 1719
39 61
39 74
39 541
39 978
39 1726
39 1820
39 1844
40 188
40 210
40 235
40 494
40 714
40 762
40 994
40 1295
40 1836
41 254
41 398
41 487
41 562
41 680
41 801
41 992
41 1374
41 1629
41 1820
41 1926
42 200
42 259
42 364
42 402
42 568
42 862
42 1128
42 1164
42 1322
42 1480
42 1586
42 1633
42 1636
42 1645
42 1661
42 1703
43 50
43 213
43 454
43 574
43 1191
43 1393
43 1743
44 222
44 350
44 498
44 544
44 794
44 797
44 930
44 936
44 1134
44 1198
44 1662
45 77
45 519
45 630
45 727
45 1037
45 1130
45 1213
45 1273
45 1389
45 1425
45 1492
45 1919
46 178
46 888
46 899
46 1012
46 1280
46 1285
46 1999
47 63
47 444
47 771
47 1037
47 1099
47 1411
47 1716
47 1799
48 75
48 265
48 471
48 498
48 660
48 717
48 1001
48 1244
48 1247
48 1377
48 1526
48 1907
48 1920
48 1921
49 215
49 444
49 482
49 562
49 962
49 1041
49 1170
49 1883
50 682
51 579
51 595
51 624
51 648
51 1064
51 1295
51 1367
51 1511
51 1513
51 1585
51 1682
51 1740
51 1774
51 1836
51 1883
51 1941
51 1954
52 449
52 623
52 627
52 798
52 845
52 1244
52 1277
52 1302
52 1385
52 1662
52 1686
52 1724
53 61
53 74
53 83
53 126
53 236
53 299
53 483
53 769
53 1021
53 1261
53 1401
53 1569
53 1737
53 1858
53 1925
54 495
54 559
54 763
54 800
54 802
54 1552
55 548
55 797
55 943
55 1168
55 1526
55 1537
56 86
56 166
56 567
56 991
56 1398
56 1920
57 284
57 398
57 513
57 1249
57 1602
57 1737
57 1762
57 1823
58 452
58 518
58 594
58 840
58 943
58 1432
58 1616
58 1828
58 1934
58 1969
59 177
59 295
59 318
59 434
59 722
59 1025
59 1244
59 1468
60 206
60 584
60 879
60 1154
60 1605
60 1738
60 1758
60 1815
61 240
61 289
61 566
61 578
61 585
61 705
61 736
61 766
61 789
61 1439
61 1448
61 1530
61 1560
61 1726
62 331
62 1339
62 1392
62 1512
62 1782
63 225
63 600
63 1455
63 1718
63 1826
63 1918
64 117
64 268
64 363
64 874
64 980
64 1296
64 1696
64 1982
65 101
65 344
65 512
65 580
65 891
65 905
65 957
65 1170
65 1380
65 1768
65 1792
66 381
66 398
66 443
66 456
66 546
66 548
66 673
66 862
66 964
66 1140
66 1305
66 1552
66 1814
66 1865
66 1881
66 1952
67 177
67 435
67 620
67 665
67 1225
67 1551
67 1867
68 583
68 783
68 1030
69 159
69 547
69 682
69 979
69 1189
69 1697
69 1706
70 132
70 354
70 720
70 831
70 865
70 880
70 916
70 1058
70 1087
70 1167
70 1318
70 1377
70 1512
70 1600
70 1659
70 1694
70 1820
70 1821
70 1823
70 1926
70 1991
71 149
71 208
71 413
71 420
71 494
71 702
71 909
71 911
71 983
71 1033
71 1156
71 1227
71 1437
71 1561
71 1711
71 1897
72 96
72 111
72 308
72 349
72 387
72 442
72 584
72 754
72 755
72 759
72 875
72 1253
72 1815
72 1997
73 245
73 282
73 362
73 383
73 479
73 835
73 923
73 1233
73 1329
73 1467
73 1509
73 1671
73 1788
73 1828
73 1875
73 1923
74 821
74 1096
74 1117
74 1461
75 192
75 416
75 436
75 745
75 898
75 1080
75 1135
75 1368
75 1462
75 1776
76 116
76 634
76 846
76 1320
76 1540
76 1736
77 163
77 171
77 397
77 545
77 563
77 682
77 725
77 1066
77 1300
77 1608
78 157
78 234
78 388
78 461
78 547
78 690
78 755
78 859
78 1000
78 1017
78 1244
78 1330
78 1485
78 1683
78 1987
79 332
79 857
79 1755
79 1852
79 1959
80 158
80 275
80 646
80 672
80 779
80 1011
80 1590
80 1613
80 1767
80 1984
81 186
81 222
81 406
81 446
81 824
81 982
81 1324
81 1534
81 1558
81 1648
82 266
82 466
82 703
82 716
82 807
82 816
82 849
82 913
82 1288
82 1326
82 1380
82 1504
82 1773
82 1865
82 1893
83 503
83 635
83 1003
83 1262
84 109
84 221
84 229
84 319
84 371
84 518
84 605
84 673
84 735
84 793
84 798
84 880
84 916
84 933
84 1171
84 1200
84 1246
84 1282
84 1574
84 1678
85 160
85 183
85 253
85 260
85 269
85 660
85 814
85 1722
85 1969
86 106
86 163
86 275
86 425
86 442
86 452
86 783
86 945
86 1291
86 1293
86 1324
86 1381
86 1607
86 1653
86 1898
86 1994
87 201
87 262
87 539
87 618
87 667
87 1264
88 883
88 920
88 1848
89 495
89 831
89 1118
89 1296
89 1841
90 94
90 117
90 179
90 422
90 492
90 859
90 862
90 925
90 1013
90 1110
90 1205
90 1337
90 1655
90 1705
90 1760
90 1784
90 1974
91 298
91 393
91 673
91 687
91 883
91 1227
91 1291
91 1390
91 1988
92 311
92 445
92 469
92 526
92 859
92 861
92 1003
92 1210
92 1216
92 1453
92 1533
92 1608
92 1713
93 460
93 491
93 731
93 815
93 850
93 1086
93 1246
93 1344
93 1563
93 1882
93 1924
94 191
94 641
94 735
94 736
94 950
94 987
94 1188
94 1306
94 1349
94 1372
94 1400
94 1624
94 1754
94 1909
94 1917
95 236
95 245
95 349
95 428
95 551
95 727
95 785
95 1043
95 1207
95 1275
95 1718
96 124
96 149
96 260
96 329
96 653
96 687
96 824
96 1016
96 1236
96 1551
96 1905
97 248
97 419
97 432
97 567
97 631
97 1082
97 1620
97 1754
97 1790
97 1802
97 1873
98 111
98 295
98 451
98 484
98 946
98 947
98 960
98 1127
98 1316
98 1404
98 1733
99 162
99 248
99 450
99 691
99 957
99 1365
99 1367
99 1429
99 1539
99 1573
100 792
100 1079
100 1473
100 1582
100 1793
100 1848
100 1862
101 223
101 804
101 812
101 948
101 1936
102 809
102 811
102 1123
102 1421
102 1450
102 1495
102 1789
103 114
103 129
103 139
103 843
103 928
103 955
103 991
103 1407
103 1426
103 1786
103 1883
104 199
104 257
104 301
104 1182
104 1229
104 1547
104 1615
104 1935
105 164
105 1003
105 1361
105 1584
105 1710
106 178
106 234
106 376
106 456
106 971
106 1022
106 1444
106 1817
107 112
107 182
107 692
107 773
107 895
107 1199
107 1615
107 1920
107 1978
107 1997
108 855
108 1089
108 1121
108 1289
109 166
109 326
109 684
109 836
109 955
109 974
109 1653
109 1770
110 387
110 1285
110 1351
110 1648
110 1723
111 232
111 236
111 1071
111 1537
111 1807
111 1825
111 1969
112 1032
112 1526
112 1901
112 1915
113 518
113 523
113 954
113 1431
113 1444
113 1618
113 1663
113 1833
113 1911
114 117
114 595
114 610
114 832
114 1105
114 1128
114 1201
114 1384
114 1492
114 1721
114 1865
114 1868
115 587
115 862
115 1123
115 1264
115 1383
115 1971
115 1991
116 137
116 174
116 218
116 355
116 481
116 883
116 1237
116 1465
116 1498
116 1789
117 342
117 542
117 1535
118 1261
118 1413
118 1633
118 1640
118 1841
119 352
119 1279
120 311
120 317
120 433
120 454
120 546
120 699
120 871
120 962
120 1029
120 1042
120 1574
120 1699
120 1952
121 405
121 449
121 819
121 1303
121 1359
121 1404
121 1687
121 1691
121 1918
122 231
122 746
122 778
122 1857
123 225
123 390
123 395
123 461
123 844
123 992
123 1046
123 1148
123 1245
123 1370
123 1485
123 1493
124 308
124 499
124 526
124 574
124 580
124 781
124 1037
124 1162
124 1197
124 1428
124 1494
124 1533
124 1765
124 1769
125 280
125 301
125 426
125 676
125 909
125 1659
125 1942
125 1948
126 83
126 135
126 213
126 247
126 315
126 316
126 332
126 384
126 396
126 608
126 990
126 1700
126 1947
127 240
127 326
127 998
127 1202
127 1587
127 1769
128 193
128 393
128 518
128 687
128 692
128 747
128 749
128 792
128 1020
128 1316
128 1572
129 685
129 995
130 132
130 142
130 189
130 208
130 289
130 319
130 456
130 610
130 611
130 898
130 1156
130 1247
130 1360
130 1504
130 1576
130 1915
130 1963
131 230
131 338
131 732
131 1706
131 1845
132 328
132 449
132 493
132 1418
132 1443
132 1524
133 318
133 1280
133 1984
134 153
134 239
134 1010
134 1770
135 312
135 416
135 439
135 577
135 582
135 753
135 942
135 1019
135 1307
135 1928
136 187
136 206
136 925
136 1062
136 1135
136 1281
136 1436
136 1564
136 1709
136 1742
136 1758
136 1851
137 930
137 1071
137 1315
137 1684
137 1749
137 1795
138 201
138 381
138 727
138 782
138 814
138 1559
138 1920
139 275
139 663
139 665
139 970
139 1033
139 1085
139 1262
139 1404
139 1419
139 1456
139 1521
139 1598
139 1859
140 652
140 664
140 835
140 932
140 1672
140 1888
141 645
141 757
141 889
141 1024
141 1045
141 1185
141 1745
142 181
142 234
142 534
142 670
142 1297
142 1369
142 1594
142 1637
142 1666
143 339
143 385
143 625
143 646
143 743
143 799
143 960
143 1136
143 1309
143 1599
143 1774
143 1907
144 208
144 243
144 691
144 1511
144 1526
144 1581
144 1635
144 1642
144 1779
144 1902
144 1904
144 1964
145 476
145 906
145 1239
145 1539
145 1597
145 1853
145 1992
146 363
146 806
146 1000
146 1004
146 1432
147 439
147 586
147 686
147 996
147 1020
147 1268
147 1339
147 1509
147 1585
147 1750
147 1907
148 954
148 1223
148 1226
148 1807
148 1878
149 245
149 372
149 713
149 725
149 879
149 1034
149 1172
149 1241
149 1348
149 1375
149 1445
149 1467
149 1487
149 1592
149 1676
149 1679
149 1895
149 1944
150 483
150 950
150 1217
151 540
152 223
152 650
152 1305
152 1377
152 1791
153 174
153 196
153 412
153 543
153 940
153 1049
153 1097
153 1638
153 1754
153 1806
154 158
154 240
154 416
154 842
154 1418
155 469
155 1095
155 1811
155 1952
155 1974
156 309
156 502
156 1450
157 195
157 254
157 445
157 725
157 1771
157 1989
158 225
158 295
158 364
158 726
158 1198
158 1373
158 1395
158 1430
158 1556
158 1874
158 1932
158 1976
159 976
159 1088
159 1338
159 1464
159 1904
159 1920
160 180
160 181
160 193
160 404
160 734
160 743
160 1102
160 1196
160 1224
160 1278
160 1293
160 1319
160 1395
160 1433
160 1732
160 1835
160 1907
161 397
161 416
161 604
161 851
161 924
161 977
161 1460
161 1660
162 583
162 661
162 1393
162 1639
162 1653
162 1745
162 1772
163 432
163 542
163 949
163 1208
163 1240
163 1834
163 1937
163 1996
164 229
164 279
164 441
164 497
164 538
164 1125
164 1147
164 1812
165 565
165 681
165 800
165 912
165 937
165 1034
165 1678
165 1943
165 1984
166 814
166 890
166 1107
166 1282
166 1810
166 1885
166 1991
167 187
167 281
167 370
167 533
167 549
167 669
167 689
167 697
167 1339
167 1393
167 1772
168 830
168 979
168 1554
168 1597
168 1848
169 301
169 344
169 576
169 648
169 723
169 851
169 1203
169 1401
170 814
170 821
170 1110
170 1141
170 1203
170 1865
171 410
171 669
171 931
171 989
171 1408
171 1476
171 1919
172 181
172 404
172 776
172 787
172 1004
172 1378
172 1400
172 1654
172 1763
173 689
173 828
173 1072
173 1664
173 1938
174 175
174 616
174 639
174 698
174 749
174 779
174 1077
174 1308
174 1412
174 1641
174 1745
174 1768
174 1888
175 188
175 366
175 583
175 589
175 594
175 752
175 826
175 1141
175 1210
176 446
176 1964
177 526
177 708
177 723
177 1208
177 1961
178 198
178 279
178 322
178 723
178 836
178 885
178 1125
178 1285
178 1504
178 1520
178 1585
178 1608
178 1969
179 351
179 388
179 485
179 726
179 792
179 793
179 1043
179 1627
179 1742
179 1984
180 666
180 1079
180 1091
180 1515
181 593
181 676
181 710
181 965
181 1316
181 1653
181 1892
182 371
182 579
182 1470
182 1858
182 1893
183 231
183 242
183 811
183 855
183 970
183 996
183 1126
183 1594
183 1621
184 283
184 347
184 391
184 400
184 626
184 784
184 869
184 905
184 1068
184 1077
184 1138
184 1197
184 1517
184 1588
184 1628
184 1943
185 667
185 691
185 703
185 803
185 1521
185 1965
186 192
186 268
186 378
186 560
186 743
186 1008
186 1783
186 1824
186 1957
186 1976
187 404
187 466
187 956
187 1176
187 1242
187 1794
188 314
188 937
188 1349
188 1499
189 223
189 652
189 811
189 1046
189 1359
189 1494
189 1613
189 1862
190 331
190 907
190 1951
190 1978
191 344
191 1262
191 1573
191 1694
191 1874
191 1995
192 277
192 697
192 872
192 1024
192 1106
192 1119
192 1175
192 1766
192 1786
192 1854
193 180
193 238
193 307
193 871
193 1383
193 1491
193 1581
193 1902
193 1935
194 486
194 540
194 943
194 1114
195 376
195 564
195 1101
195 1250
195 1979
196 401
196 862
196 923
196 947
196 1439
196 1471
196 1571
197 324
197 517
197 805
197 876
197 891
197 908
197 1149
197 1156
197 1220
197 1849
197 1996
197 1998
198 159
198 560
198 1030
198 1973
199 282
199 356
199 662
199 707
199 849
199 1003
199 1386
199 1481
199 1862
199 1882
199 1936
200 280
200 560
200 769
200 910
200 964
200 967
200 977
200 1061
200 1215
200 1225
200 1270
200 1354
200 1360
200 1362
200 1450
200 1672
200 1680
200 1965
201 570
201 810
201 1050
201 1691
202 371
202 400
202 472
202 671
202 735
202 798
202 1150
202 1459
202 1465
202 1725
202 1788
202 1846
203 271
203 342
203 435
203 472
203 579
203 625
203 643
203 686
203 1008
203 1162
203 1185
203 1220
203 1291
203 1334
203 1626
203 1628
203 1852
203 1944
204 611
204 845
204 912
204 922
204 1174
204 1622
204 1658
204 1951
205 318
205 384
205 408
205 634
205 709
205 1031
205 1071
205 1095
205 1472
205 1693
205 1883
205 1907
205 1942
206 187
206 717
206 733
206 860
206 930
206 1016
206 1074
206 1825
206 1945
207 224
207 263
207 410
207 503
207 580
207 958
207 979
207 1318
207 1454
207 1668
207 1920
207 1929
207 1960
207 1977
208 569
208 765
208 1840
209 618
209 1323
209 1747
209 1770
209 1867
210 916
210 955
210 1251
210 1442
210 1581
210 1833
210 1912
211 379
211 863
211 1279
211 1280
211 1350
211 1415
211 1856
212 266
212 710
212 866
212 1053
212 1182
212 1256
212 1274
212 1888
212 1902
212 1922
213 287
213 302
213 473
213 619
213 985
213 1010
213 1126
213 1288
213 1320
213 1682
214 609
214 1184
214 1872
215 308
215 556
215 1113
215 1239
215 1501
215 1666
215 1923
216 432
216 536
216 689
216 720
216 865
216 1200
216 1276
216 1307
216 1389
216 1473
216 1564
217 576
217 598
217 607
217 615
217 633
217 758
217 1057
217 1201
217 1514
217 1533
217 1611
218 317
218 342
218 497
218 830
218 977
218 1002
218 1176
218 1241
218 1381
218 1777
219 247
219 409
219 1209
219 1829
220 307
220 555
220 628
220 786
220 837
220 944
220 1002
220 1016
220 1143
220 1413
220 1458
220 1819
220 1940
221 488
221 824
221 1142
221 1409
221 1452
221 1498
221 1582
221 1644
221 1918
222 697
222 720
222 795
222 1139
222 1838
223 413
223 477
223 501
223 538
223 747
223 1074
223 1203
223 1212
223 1231
223 1402
223 1524
223 1963
224 428
224 460
224 597
224 883
224 912
224 1334
224 1823
225 462
225 628
225 1519
225 1670
226 791
226 970
226 986
226 1341
226 1666
226 1778
226 1866
227 369
227 860
227 1669
227 1730
227 1811
227 1945
228 925
228 947
228 1006
228 1028
228 1147
228 1215
228 1228
228 1297
228 1597
228 1887
228 1911
229 326
229 691
229 887
229 1275
229 1417
229 1457
229 1479
230 1148
230 1175
231 511
231 834
231 923
231 1226
231 1339
231 1559
231 1645
231 1692
231 1752
231 1795
232 310
232 678
232 770
232 823
232 1096
232 1156
232 1187
232 1434
232 1448
232 1554
232 1606
232 1687
233 437
233 916
233 1414
233 1578
233 1855
233 1932
234 98
234 309
234 1171
235 446
235 506
235 666
235 1218
235 1314
235 1911
236 1222
236 1386
236 1637
236 1778
236 1862
238 412
238 437
238 479
238 1063
238 1179
238 1292
238 1359
238 1615
238 1670
238 1836
239 336
239 440
239 690
239 810
239 911
239 1014
239 1259
239 1416
239 1419
239 1518
239 1660
239 1693
239 1881
240 572
240 662
240 1049
240 1151
240 1243
240 1452
240 1456
240 1589
240 1755
241 680
241 723
241 860
241 902
241 1104
241 1314
241 1743
241 1947
242 643
242 771
242 1059
242 1216
242 1352
242 1550
242 1617
242 1831
243 388
243 1333
243 1382
243 1512
243 1577
243 1965
244 760
244 888
244 1164
244 1238
244 1247
244 1345
245 382
245 389
245 461
245 656
245 1643
245 1696
245 1873
245 1983
246 66
246 336
246 550
246 580
246 590
246 867
246 1055
246 1470
246 1481
246 1553
246 1667
246 1987
247 457
247 628
247 895
247 922
247 952
247 983
247 1337
247 1507
247 1536
247 1785
248 331
248 1127
249 328
249 412
249 773
249 792
249 912
249 1420
249 1872
250 297
250 400
250 519
250 650
250 880
250 1284
250 1642
250 1736
250 1747
251 407
251 828
251 1252
251 1275
251 1546
251 1711
252 628
252 732
252 820
252 1121
252 1352
252 1419
252 1437
252 1444
252 1584
252 1791
252 1936
253 287
253 852
253 901
253 1455
253 1645
253 1948
253 1970
254 85
254 273
254 898
254 927
254 952
254 990
254 1043
254 1364
254 1561
254 1792
254 1851
255 107
255 186
255 559
255 1306
255 1421
255 1968
256 457
256 1108
256 1168
256 1993
257 598
257 699
257 731
257 793
257 1506
257 1547
258 280
258 411
258 603
258 620
258 639
258 641
258 1209
258 1396
258 1529
258 1559
258 1786
258 1947
259 451
259 474
259 1114
259 1915
260 149
260 387
260 803
260 914
260 1090
260 1454
260 1866
261 275
261 688
261 808
261 877
261 1007
261 1061
261 1208
261 1335
261 1497
261 1683
261 1724
261 1809
261 1874
262 440
262 683
262 887
262 1468
263 441
263 1529
263 1676
263 1725
264 271
264 474
264 592
264 692
264 1015
264 1365
264 1664
265 643
265 763
265 799
265 810
265 1078
265 1433
265 1456
265 1625
265 1756
265 1793
265 1852
265 1901
265 1969
265 1999
266 287
266 441
266 648
266 694
266 1004
266 1052
266 1090
266 1115
266 1141
266 1219
266 1538
267 281
267 829
267 1408
267 1451
267 1822
268 1342
268 1387
268 1562
268 1653
269 278
269 386
269 657
269 994
269 1087
269 1413
269 1637
269 1708
269 1710
269 1715
269 1871
269 1956
270 469
270 565
270 642
270 677
270 692
270 824
270 874
270 921
270 1185
270 1264
270 1326
270 1569
270 1668
270 1683
270 1721
270 1980
271 346
271 600
271 631
271 1949
272 505
272 586
272 765
272 928
272 956
272 986
272 1064
272 1134
272 1233
272 1756
272 1978
273 311
273 355
273 1021
273 1246
273 1405
273 1985
274 1129
274 1461
274 1827
275 1194
275 1270
275 1288
275 1325
275 1330
275 1428
275 1801
276 421
276 455
276 677
276 880
276 1150
276 1471
277 1035
277 1268
277 1339
277 1642
277 1735
277 1814
277 1910
278 393
278 432
278 442
278 519
278 566
278 746
278 959
278 973
278 1084
278 1438
278 1675
278 1867
278 1923
279 424
279 501
279 561
279 926
279 940
279 1220
280 429
280 463
280 466
280 845
280 1150
280 1292
280 1425
280 1607
280 1866
280 1870
281 323
281 1362
282 324
282 467
282 1002
282 1214
282 1243
282 1409
282 1684
282 1915
283 290
283 341
283 381
283 601
283 1069
283 1284
283 1454
283 1705
283 1735
283 1841
283 1889
284 502
284 760
284 810
284 820
284 908
284 1117
284 1143
284 1244
284 1277
284 1373
284 1487
284 1493
285 400
285 489
285 505
285 725
285 868
285 1007
285 1050
285 1232
285 1307
285 1496
285 1890
286 351
286 427
286 587
286 835
286 1032
286 1885
286 1931
287 290
287 523
287 646
287 900
287 910
287 1010
287 1024
287 1172
287 1534
287 1718
287 1757
287 1861
287 1876
287 1918
287 1922
288 299
288 366
288 1015
288 1103
288 1265
288 1449
289 164
289 386
289 1043
289 1203
289 1475
289 1573
289 1727
289 1811
289 1864
290 576
290 782
290 885
290 916
290 1047
290 1069
290 1138
290 1274
290 1623
290 1781
290 1787
290 1923
291 483
291 485
291 501
291 668
291 1103
291 1140
291 1182
291 1675
292 1196
292 1526
292 1633
292 1999
293 311
293 568
293 1020
293 1113
293 1478
293 1574
293 1587
293 1712
294 485
294 1738
295 399
295 407
295 685
295 733
295 814
295 826
295 971
295 994
295 996
295 1031
295 1352
295 1390
295 1401
295 1446
295 1482
295 1507
295 1520
295 1523
295 1838
295 1861
296 357
296 603
296 829
296 1075
296 1172
296 1345
296 1403
296 1715
297 796
297 1123
297 1156
297 1311
297 1478
297 1678
298 609
298 617
298 787
298 918
298 959
298 1020
298 1141
298 1371
298 1389
298 1860
299 347
299 481
299 712
299 850
299 968
299 1016
299 1091
299 1355
299 1426
299 1444
299 1841
300 323
300 718
300 851
300 996
300 1111
300 1664
300 1781
300 1940
300 1943
301 362
301 1917
302 374
302 379
302 788
302 965
302 1204
302 1207
302 1287
302 1508
302 1701
302 1706
302 1775
302 1877
302 1940
302 1977
303 421
303 549
303 669
303 738
303 746
303 1038
303 1097
303 1208
303 1288
303 1331
303 1625
303 1756
304 411
304 620
304 1238
304 1272
304 1917
304 1996
305 405
305 620
305 889
305 1088
305 1370
305 1564
305 1760
305 1848
306 430
306 451
306 1393
306 1459
306 1640
306 1726
306 1809
306 1873
307 822
307 1119
307 1639
307 1643
307 1695
307 1930
308 360
308 682
308 757
308 902
308 922
308 1098
308 1232
308 1300
308 1443
308 1563
308 1924
309 360
309 595
309 621
309 747
309 955
309 1152
309 1207
309 1225
309 1343
309 1597
309 1714
309 1749
309 1795
309 1870
309 1985
310 314
310 393
310 468
310 588
310 784
310 824
310 933
310 1052
310 1064
310 1118
310 1282
310 1306
310 1359
310 1718
310 1779
310 1791
311 673
311 752
311 1608
312 1433
312 1648
312 1715
313 339
313 893
313 978
313 1054
313 1082
313 1238
313 1457
313 1491
313 1498
313 1596
313 1888
313 1966
313 1994
314 339
314 635
314 832
314 893
314 1172
314 1367
314 1426
314 1574
314 1678
315 1261
315 1409
315 1410
315 1562
315 1677
315 1999
316 556
316 628
316 659
316 864
316 1033
316 1134
316 1341
316 1733
316 1765
317 388
317 492
317 737
317 812
317 855
317 870
317 884
317 989
317 1560
317 1717
318 390
318 1288
319 322
319 442
319 851
319 963
319 974
319 1355
319 1382
319 1728
319 1933
319 1943
320 471
320 497
320 516
320 1217
320 1243
320 1593
321 562
321 1672
321 1674
321 1952
321 1980
322 741
322 1126
322 1161
322 1313
322 1516
322 1735
322 1795
322 1989
322 1994
323 417
323 872
323 1081
323 1340
323 1721
323 1836
323 1838
324 452
324 1335
325 1208
325 1645
325 1722
325 1922
326 508
326 1011
326 1126
326 1154
326 1235
326 1447
326 1526
326 1547
327 1833
328 364
328 513
328 598
328 726
328 790
328 903
328 906
328 1024
328 1036
328 1059
328 1111
328 1456
328 1954
329 469
329 692
329 1023
329 1191
329 1484
329 1531
329 1604
329 1983
330 477
330 788
330 1246
330 1363
330 1402
330 1435
330 1443
330 1464
330 1710
331 528
331 841
331 941
331 1005
331 1210
331 1655
331 1695
331 1796
331 1808
332 814
332 1793
332 1794
333 137
333 713
333 780
333 862
333 1365
333 1412
333 1616
333 1738
333 1879
334 703
334 741
334 958
334 1101
334 1170
334 1250
334 1362
334 1491
334 1501
334 1596
334 1685
334 1792
334 1800
334 1832
334 1884
335 485
335 879
335 1261
335 1449
335 1709
335 1734
335 1747
336 652
336 724
336 773
336 1316
336 1748
336 1862
336 1946
337 420
337 1500
337 1627
337 1789
338 495
338 632
338 1008
338 1012
338 1119
338 1214
338 1240
338 1267
338 1338
338 1460
338 1649
338 1666
338 1682
338 1744
338 1803
339 346
339 390
339 598
339 630
339 1034
339 1245
339 1473
339 1501
339 1510
339 1566
339 1677
339 1837
340 1027
340 1159
340 1301
340 1525
340 1608
340 1728
341 1231
341 1644
342 864
342 1114
342 1509
342 1576
343 515
343 805
343 989
343 1018
343 1212
343 1218
343 1514
343 1776
343 1881
344 190
344 913
344 1428
344 1819
345 454
345 542
345 624
345 788
345 853
345 915
345 943
345 1006
345 1256
345 1440
345 1468
345 1610
345 1962
346 474
346 621
346 666
346 793
346 846
346 1260
346 1499
346 1649
346 1689
346 1804
346 1836
346 1989
347 482
347 676
347 1352
347 1597
347 1963
347 1991
348 391
348 642
348 1318
348 1600
348 1610
349 790
349 868
349 969
349 1019
349 1288
349 1849
349 1886
350 390
350 422
350 729
350 737
350 930
350 1136
350 1137
350 1195
350 1231
350 1451
350 1585
350 1611
351 599
351 952
351 993
351 1102
351 1226
351 1253
351 1293
351 1452
351 1517
351 1693
351 1718
351 1893
352 353
352 359
352 1245
352 1409
352 1426
352 1862
352 1962
353 712
353 1026
353 1109
353 1117
353 1228
353 1484
353 1716
354 941
354 1097
354 1279
354 1314
354 1353
354 1737
355 368
355 387
355 412
355 1148
355 1508
355 1548
355 1566
355 1614
355 1856
355 1891
356 919
356 1103
356 1492
356 1573
356 1700
356 1744
356 1754
356 1811
357 606
357 850
357 854
357 883
357 998
357 1152
358 310
358 702
358 836
358 1028
358 1162
358 1443
359 812
359 858
359 1327
359 1574
359 1745
359 1853
359 1866
359 1900
359 1995
360 470
360 626
360 838
360 1757
360 1824
360 1873
361 643
361 878
361 1341
361 1486
361 1598
361 1654
361 1782
361 1849
361 1881
362 395
362 657
362 836
362 1356
362 1455
362 1687
362 1736
362 1936
363 182
363 390
363 606
363 1093
363 1184
363 1610
363 1617
363 1626
363 1919
364 578
364 1127
364 1375
364 1385
364 1939
365 436
365 804
365 875
365 966
365 1040
365 1340
365 1443
365 1546
365 1715
365 1900
365 1999
366 370
366 448
366 546
366 622
366 654
366 670
366 761
366 1013
366 1182
366 1202
366 1240
366 1252
366 1493
366 1669
366 1695
367 1016
367 1852
367 1878
368 418
368 434
368 602
368 733
368 1459
368 1941
369 592
369 1756
370 187
370 389
370 867
370 895
370 1022
370 1023
370 1294
370 1352
370 1470
370 1490
370 1748
371 400
371 507
371 553
371 688
371 955
371 1193
371 1945
372 696
372 735
372 782
372 921
372 1500
372 1765
372 1865
372 1877
372 1892
373 572
373 1024
373 1076
373 1944
374 656
374 701
374 955
374 1012
374 1328
374 1635
374 1743
374 1852
375 503
375 545
375 706
375 960
375 1648
375 1666
375 1729
375 1810
375 1821
375 1960
376 543
376 819
376 1084
376 1215
376 1317
376 1334
376 1427
376 1539
376 1729
377 460
377 651
377 1000
377 1043
377 1332
377 1448
377 1860
378 415
378 712
378 766
378 1303
378 1529
378 1795
378 1826
378 1972
379 528
379 793
379 1359
379 1506
379 1524
379 1568
379 1826
380 928
380 1351
380 1502
380 1573
380 1989
381 359
381 385
381 528
381 552
381 560
381 1225
381 1290
381 1338
381 1585
381 1586
381 1698
382 988
383 785
383 946
383 1092
383 1111
383 1154
384 505
384 618
384 665
384 706
384 1089
384 1805
385 444
385 532
385 594
385 724
385 824
385 942
385 1179
385 1775
385 1858
386 509
386 549
386 1272
386 1863
387 674
387 943
387 977
387 1430
388 450
388 458
388 553
388 1305
388 1349
388 1517
388 1718
389 670
389 839
389 873
389 1402
389 1848
390 1681
391 93
391 401
391 442
391 611
391 789
391 1276
391 1317
391 1346
391 1502
391 1760
391 1914
392 465
392 1476
392 1823
392 1925
393 511
393 546
393 553
393 636
393 639
393 968
393 1176
393 1243
393 1463
393 1644
393 1801
393 1961
394 1135
394 1158
394 1401
395 397
395 563
395 1493
396 439
396 1189
396 1244
396 1351
397 171
397 941
397 1244
397 1302
397 1592
398 396
398 435
398 750
398 881
398 1075
398 1466
398 1540
398 1541
398 1748
398 1812
398 1917
398 1938
398 1954
398 1973
399 818
399 1495
399 1717
399 1884
400 819
400 911
400 1205
400 1450
401 38
401 804
401 1888
402 465
402 909
402 1251
402 1303
402 1363
402 1587
402 1855
403 643
403 952
403 1261
403 1327
403 1440
403 1474
403 1494
403 1521
403 1549
403 1785
403 1868
403 1882
403 1908
404 434
404 523
404 1469
404 1786
404 1916
405 604
405 1488
405 1968
406 1052
406 1408
406 1438
406 1695
406 1890
406 1969
407 773
407 1332
407 1499
408 513
408 845
408 905
408 922
408 1410
408 1992
409 489
409 658
409 774
409 924
409 961
409 1109
409 1577
409 1689
409 1704
409 1808
409 1993
410 188
410 1696
410 1828
411 767
411 809
412 1093
412 1806
413 543
413 776
413 1152
413 1276
413 1383
413 1435
413 1835
413 1885
413 1983
414 1952
415 897
415 1123
415 1302
415 1454
415 1708
416 442
416 458
416 1311
416 1323
416 1623
416 1670
416 1784
417 507
417 976
417 1084
417 1642
417 1729
417 1988
417 1997
418 1038
418 1127
418 1337
418 1519
418 1684
418 1752
419 220
419 860
419 911
419 1185
419 1202
419 1479
419 1955
419 1975
421 277
421 649
421 656
421 1307
421 1556
421 1622
421 1908
421 1916
422 478
422 568
422 1082
422 1136
422 1202
422 1768
422 1845
423 1940
423 1959
424 595
424 851
424 1437
424 1703
424 1712
424 1859
425 552
425 824
425 963
425 1116
425 1135
425 1508
426 456
426 838
426 933
426 1282
426 1754
427 1111
427 1846
427 1938
428 629
428 790
428 1004
428 1202
428 1858
428 1954
428 1970
429 478
429 583
429 879
429 1152
429 1307
429 1416
429 1513
429 1562
429 1647
429 1733
429 1751
429 1965
430 897
430 1120
430 1360
430 1554
431 603
431 679
431 1073
431 1626
431 1695
432 672
432 1118
432 1306
432 1337
432 1567
432 1587
432 1774
432 1905
433 848
433 1245
433 1728
434 1484
434 1651
434 1876
434 1889
434 1923
435 286
435 360
435 498
435 535
435 541
435 622
435 1217
435 1663
436 519
436 1005
436 1102
437 675
437 1924
438 611
438 1183
438 1244
438 1494
438 1507
438 1930
439 492
439 653
439 1010
439 1050
439 1127
439 1465
439 1633
439 1752
440 1514
440 1599
441 279
441 1008
441 1068
441 1204
441 1371
441 1386
441 1746
441 1860
441 1903
442 432
442 445
442 513
442 976
442 1010
442 1208
442 1290
442 1329
442 1370
442 1949
442 1967
443 459
443 824
443 855
443 984
443 1047
443 1449
443 1479
444 119
444 681
444 699
444 763
444 860
444 1104
444 1331
444 1349
444 1415
444 1585
444 1630
444 1660
444 1678
444 1759
444 1889
445 494
445 511
445 887
445 1044
445 1125
445 1180
445 1378
445 1475
445 1488
445 1648
445 1756
446 560
446 633
446 697
446 738
446 867
446 892
446 972
446 1261
446 1308
446 1404
446 1482
446 1614
446 1692
446 1838
446 1857
446 1969
447 655
447 966
447 1464
447 1589
448 370
448 1635
448 1705
449 479
449 709
449 1018
449 1225
449 1686
449 1914
450 162
450 1145
450 1207
450 1378
450 1405
450 1643
450 1886
451 816
451 1155
451 1158
451 1340
451 1672
452 726
452 1599
453 455
453 491
453 596
453 610
453 677
453 730
453 749
453 881
453 890
453 906
453 924
453 948
453 960
453 1003
453 1004
453 1045
453 1274
453 1684
453 1877
454 50
454 617
454 868
454 871
454 1254
454 1555
454 1830
454 1857
455 602
455 1313
455 1403
456 542
456 594
456 662
456 722
456 1336
456 1495
456 1619
456 1743
456 1747
456 1947
457 556
457 649
457 738
457 1586
457 1625
457 1656
457 1768
457 1774
458 1529
458 1816
459 540
459 1964
460 684
460 692
460 1361
460 1485
460 1862
461 390
461 489
461 706
461 765
461 775
461 794
461 1007
461 1152
461 1275
461 1297
461 1908
461 1993
462 604
462 775
462 852
462 1072
462 1121
462 1203
462 1690
463 619
463 838
463 1028
463 1182
464 1172
464 1236
464 1875
464 1905
465 224
465 574
465 723
465 965
466 463
466 550
466 621
466 1636
467 862
467 1026
467 1512
467 1921
468 269
468 922
468 1707
469 94
469 1003
469 1240
469 1799
470 1081
470 1145
470 1233
470 1295
470 1719
470 1945
471 633
471 662
471 737
471 745
471 817
471 1205
471 1283
471 1398
471 1424
471 1653
471 1780
471 1851
471 1880
472 657
472 1156
472 1162
472 1533
472 1657
472 1882
473 684
473 805
473 1091
473 1753
473 1759
473 1784
474 442
474 559
474 1202
474 1433
475 686
475 985
475 1048
475 1184
475 1580
475 1656
475 1739
475 1758
475 1995
476 608
476 785
476 996
476 1279
476 1653
476 1956
477 613
477 1300
477 1416
477 1747
478 713
478 763
478 767
478 1027
478 1109
478 1536
478 1749
479 566
479 987
479 1392
479 1811
479 1924
480 156
480 213
480 486
480 497
480 510
480 861
480 1010
480 1996
481 347
481 714
481 1413
481 1747
481 1766
482 545
482 641
482 830
482 1596
483 299
483 500
483 660
483 921
483 1437
483 1498
484 295
484 601
484 1282
484 1378
484 1847
485 57
485 837
485 1160
485 1285
485 1569
485 1609
486 516
486 1010
486 1074
486 1459
486 1621
486 1749
487 549
487 562
487 621
487 892
487 1113
488 924
488 1006
488 1034
488 1431
488 1858
489 545
489 555
489 1367
489 1759
490 626
490 629
490 841
490 1576
490 1977
490 1996
491 86
491 1812
492 1649
492 1755
493 1812
494 776
494 826
494 976
494 982
494 1087
494 1106
494 1194
494 1251
494 1961
494 1996
496 904
496 966
496 1582
497 229
497 1097
497 1148
497 1448
497 1651
497 1653
497 1782
498 815
498 1455
499 795
499 924
499 942
499 996
499 1305
500 562
500 613
500 621
500 655
500 1177
500 1288
500 1402
500 1646
500 1663
500 1717
500 1824
500 1919
500 1960
501 853
501 953
501 1429
501 1551
502 565
503 729
503 1223
503 1452
503 1562
503 1792
503 1949
505 733
505 950
505 1714
505 1829
506 511
506 560
506 579
506 1221
506 1647
507 754
507 1099
507 1780
507 1845
508 957
508 1008
508 1402
508 1816
509 537
509 600
509 1745
510 926
510 1032
510 1380
510 1596
511 644
511 930
511 977
511 1733
512 574
512 916
512 1116
512 1122
512 1175
512 1893
513 398
513 621
513 995
513 1423
513 1508
513 1568
513 1580
513 1772
514 1014
514 1368
514 1448
514 1512
515 926
515 1331
515 1486
515 1875
515 1910
516 870
516 1877
517 1592
517 1765
517 1955
517 1992
518 441
518 710
518 819
518 1126
518 1393
518 1593
520 525
520 571
520 1843
521 794
521 844
521 940
521 1063
521 1222
521 1289
521 1826
521 1884
521 1943
522 1157
522 1235
522 1671
522 1750
523 519
523 959
523 1649
523 1983
524 103
524 947
524 1114
524 1337
525 731
525 834
525 1063
525 1146
525 1273
525 1674
526 557
526 1180
526 1266
526 1267
527 589
527 823
527 1218
527 1247
528 590
528 717
528 752
528 791
528 863
528 909
528 954
528 1302
528 1552
528 1714
528 1924
528 1977
529 689
529 953
529 1009
529 1157
529 1297
529 1543
529 1791
529 1950
529 1971
530 768
530 783
531 747
531 830
531 1457
531 1707
532 1055
532 1298
533 616
533 1444
533 1541
533 1623
533 1818
534 636
534 666
534 865
534 1275
534 1678
535 1686
535 1884
535 1960
536 240
536 598
536 1101
536 1367
536 1489
537 1014
537 1651
538 858
538 1121
538 1184
538 1291
538 1615
539 201
539 558
539 570
539 799
539 941
539 1082
539 1185
539 1554
539 1730
541 561
541 564
541 575
541 797
541 805
541 847
541 1195
541 1210
541 1249
541 1318
541 1324
541 1452
541 1966
542 349
542 432
542 479
542 1360
542 1928
543 486
543 559
543 606
543 661
544 1340
544 1886
545 1071
545 1540
545 1577
545 1689
546 978
546 1262
546 1358
546 1391
546 1594
546 1618
546 1812
546 1814
546 1825
546 1834
546 1865
547 159
547 802
547 904
547 1045
547 1410
547 1914
548 384
548 546
548 576
548 588
548 1134
548 1405
549 823
549 1123
549 1410
549 1622
549 1681
550 1133
550 1324
550 1326
551 705
551 1002
551 1241
551 1285
551 1628
551 1725
551 1835
552 623
552 791
552 993
552 1760
553 776
553 823
553 1057
553 1087
553 1109
553 1659
553 1968
554 843
554 919
554 1273
554 1297
554 1486
554 1818
554 1835
555 631
555 730
555 880
555 1202
555 1472
555 1508
555 1547
555 1575
555 1860
556 599
556 693
556 697
556 1053
556 1379
556 1543
557 772
557 1094
558 568
558 589
558 701
558 1209
558 1334
558 1356
558 1418
558 1550
558 1555
558 1840
559 766
559 802
559 1022
559 1187
559 1223
559 1457
559 1729
559 1997
560 1547
561 424
561 617
561 767
561 787
561 1088
561 1368
561 1632
562 293
562 651
562 659
562 973
562 1437
563 705
563 1358
563 1834
564 561
564 766
564 994
564 995
564 1235
564 1624
564 1883
565 1140
565 1284
565 1331
565 1421
565 1495
566 501
566 730
566 789
566 1061
566 1233
566 1298
566 1319
566 1385
566 1404
566 1624
566 1692
566 1878
566 1926
566 1987
567 166
567 981
567 1520
567 1997
568 673
568 708
568 714
568 749
568 983
568 1165
568 1317
568 1803
568 1870
568 1954
568 1989
569 1088
569 1286
569 1566
569 1900
569 1920
570 921
570 1055
570 1333
570 1364
570 1521
570 1598
570 1701
570 1921
571 692
571 964
571 1257
571 1278
571 1284
571 1411
571 1472
571 1700
571 1718
573 1767
574 596
574 965
574 995
574 1421
574 1460
574 1466
574 1501
574 1746
574 1754
574 1858
575 618
575 891
575 1024
575 1276
576 796
576 835
576 963
576 1202
576 1480
576 1507
576 1803
576 1865
577 1019
577 1226
577 1501
577 1542
577 1889
578 387
578 491
578 651
578 676
578 998
578 1087
578 1392
578 1472
578 1549
578 1801
578 1813
578 1966
579 271
579 1495
579 1498
579 1604
579 1656
579 1736
579 1790
581 1025
581 1266
581 1501
581 1693
582 174
582 881
582 1244
582 1857
582 1860
582 1917
582 1974
583 1154
583 1450
583 1469
583 1756
584 202
584 801
584 1043
584 1069
584 1253
584 1592
585 200
585 720
585 1649
585 1849
586 759
586 855
586 1073
586 1405
586 1572
586 1613
586 1668
586 1841
586 1860
587 703
587 762
587 875
587 1303
587 1730
588 576
588 728
588 805
588 812
589 643
589 647
589 678
589 683
589 903
589 1227
589 1246
589 1412
589 1458
589 1858
590 821
590 852
590 1378
590 1493
590 1541
590 1603
590 1656
590 1661
590 1885
590 1985
591 984
591 1298
591 1853
592 272
592 649
592 880
592 1111
592 1269
593 702
593 865
593 1192
593 1383
593 1614
594 297
594 679
594 865
594 983
594 1090
594 1377
594 1516
594 1942
595 1294
595 1377
595 1423
596 642
596 1382
596 1386
596 1844
597 232
598 727
598 1176
598 1386
598 1409
599 735
599 989
599 1509
599 1543
599 1908
600 706
600 744
600 1007
600 1480
600 1530
600 1722
600 1758
600 1844
600 1888
601 590
601 667
601 738
601 1186
601 1220
601 1579
601 1928
602 718
602 790
602 895
602 1117
602 1779
603 1233
603 1391
603 1522
603 1848
603 1873
603 1991
604 610
604 1894
605 518
605 854
605 1504
605 1776
606 787
606 827
606 989
606 1516
606 1669
606 1856
606 1959
607 576
607 755
607 848
607 1007
607 1285
607 1597
607 1816
608 884
608 1259
608 1305
608 1353
608 1496
608 1837
609 649
609 777
609 1057
609 1107
609 1125
609 1163
609 1588
610 87
610 1659
610 1888
611 142
611 705
611 1003
612 835
612 913
612 1001
612 1086
612 1679
612 1934
613 700
613 1023
613 1364
613 1718
614 590
614 1814
614 1870
615 688
615 761
615 767
615 888
615 1101
615 1182
615 1224
617 880
617 1127
617 1225
617 1348
617 1428
618 539
618 633
618 638
618 653
618 707
618 854
618 1017
618 1082
618 1293
618 1424
618 1445
618 1710
618 1983
619 659
619 1031
619 1403
619 1745
619 1891
620 713
620 834
620 1140
620 1619
620 1781
621 550
621 1152
621 1175
622 541
622 602
622 958
622 1528
622 1847
622 1967
623 371
623 466
623 914
623 969
623 1316
623 1486
623 1616
623 1894
623 1997
624 659
624 674
624 737
624 849
624 1063
624 1158
624 1235
624 1244
624 1370
624 1397
624 1499
624 1584
624 1694
624 1739
624 1942
624 1968
625 613
625 944
625 1517
625 1970
627 1741
628 643
628 655
628 1460
629 665
629 922
629 1260
629 1664
630 369
630 866
630 917
630 1041
630 1256
630 1305
630 1401
630 1439
630 1584
630 1812
630 1922
631 649
631 735
631 761
631 809
631 913
631 1043
631 1300
631 1573
631 1752
631 1849
631 1957
632 1159
632 1359
632 1366
632 1378
632 1446
632 1636
632 1691
632 1793
632 1805
632 1958
633 135
633 598
633 1026
633 1911
634 384
634 817
634 1036
634 1479
634 1917
635 919
635 963
635 1148
635 1378
635 1958
636 553
636 1098
636 1482
638 644
638 1562
638 1677
639 791
639 956
639 1061
639 1252
639 1645
640 1446
640 1755
640 1958
640 1988
641 545
641 748
641 995
641 1386
641 1577
641 1597
642 757
642 862
642 1097
642 1339
642 1365
642 1586
642 1689
642 1694
642 1818
643 1156
643 1698
644 796
644 873
644 1090
644 1397
645 732
645 749
645 974
645 1338
646 1135
646 1776
646 1828
646 1919
647 1558
648 932
648 1548
648 1989
650 223
650 830
650 832
650 1112
650 1433
650 1639
650 1694
650 1698
650 1750
650 1854
651 756
651 1000
651 1014
651 1108
651 1224
651 1236
651 1370
651 1847
651 1954
652 316
652 825
652 835
652 900
652 1195
652 1855
652 1937
653 919
653 1231
653 1263
653 1468
654 1424
654 1684
654 1811
655 635
655 683
655 1427
655 1510
655 1522
655 1650
655 1725
655 1808
656 1935
657 592
657 695
657 883
657 1043
657 1262
657 1647
658 448
658 801
658 846
658 1921
658 1964
659 543
659 556
659 886
659 1074
659 1375
659 1383
659 1398
659 1537
660 160
660 706
660 825
660 1066
660 1119
660 1144
660 1182
660 1316
660 1361
660 1427
661 905
661 1102
661 1444
661 1472
661 1705
661 1713
661 1844
661 1858
662 718
662 914
662 932
662 1387
662 1483
662 1538
662 1686
662 1714
662 1901
662 1959
662 1980
663 276
663 356
663 895
663 972
663 979
663 1044
663 1215
663 1371
663 1494
663 1571
663 1585
663 1644
663 1651
663 1945
663 1985
664 185
664 816
664 1670
664 1956
665 275
665 705
665 735
665 982
665 1070
665 1417
665 1973
666 412
666 877
666 1719
667 132
667 1048
667 1119
667 1651
667 1770
668 941
668 1022
668 1342
668 1449
668 1462
669 257
669 486
669 1306
669 1624
669 1739
669 1992
670 676
670 784
670 951
670 1263
670 1423
670 1502
670 1657
670 1743
671 932
671 1392
671 1440
671 1630
671 1785
672 967
672 971
672 997
672 1036
672 1176
672 1303
672 1537
672 1544
672 1556
672 1594
672 1745
672 1807
672 1835
673 319
673 718
673 781
673 913
673 1185
673 1271
673 1406
673 1591
674 831
674 1027
674 1111
674 1459
675 771
675 790
675 1251
675 1820
675 1902
675 1906
675 1956
676 482
676 1024
676 1406
676 1629
676 1700
677 642
677 1499
678 899
678 1192
678 1228
678 1315
679 737
679 1231
679 1287
679 1291
679 1297
679 1481
679 1497
680 726
680 800
680 859
680 873
680 897
680 962
680 1144
680 1166
680 1194
680 1461
680 1486
680 1642
680 1931
681 1932
682 899
682 925
682 1743
682 1753
683 440
683 1596
683 1887
684 558
684 954
684 1086
684 1172
684 1252
684 1280
684 1339
684 1404
684 1828
684 1873
684 1984
685 172
685 924
686 439
686 635
686 1241
686 1688
686 1749
687 193
687 677
687 697
687 832
687 921
687 943
687 1007
687 1187
687 1189
687 1559
687 1809
687 1908
688 275
688 703
689 722
689 748
689 1257
689 1431
689 1702
689 1746
689 1791
690 761
690 1230
690 1501
691 750
691 1125
691 1150
691 1204
691 1296
691 1590
692 271
692 1124
693 644
693 1896
694 756
694 878
694 927
694 1006
694 1185
694 1517
694 1698
694 1733
694 1952
694 1967
695 818
695 1381
695 1903
695 1922
696 1670
696 1761
697 871
697 1072
697 1546
697 1613
697 1663
697 1775
698 795
698 873
698 1339
698 1945
698 1952
699 1052
700 744
700 1051
700 1133
700 1486
700 1756
700 1799
700 1840
701 777
701 1013
701 1201
701 1207
701 1260
701 1524
701 1588
701 1800
701 1810
702 494
702 1269
702 1309
702 1705
702 1953
703 267
703 931
703 1000
703 1118
703 1339
703 1656
703 1824
703 1912
703 1971
704 1137
704 1938
705 1083
705 1261
706 474
706 740
706 742
706 762
706 1021
706 1047
706 1050
706 1432
706 1588
706 1709
706 1841
707 1074
707 1260
707 1502
707 1655
707 1749
707 1826
707 1969
707 1970
708 526
708 1665
708 1808
709 318
709 382
709 778
709 1314
709 1317
709 1404
709 1500
709 1501
709 1780
710 285
710 1388
711 256
711 928
711 984
711 1203
711 1526
711 1578
711 1672
711 1740
711 1879
711 1943
711 1948
712 993
712 1017
712 1252
712 1332
713 648
714 1039
714 1092
714 1112
714 1513
714 1855
715 1365
715 1981
716 813
716 1239
716 1418
716 1631
716 1755
716 1794
716 1897
717 1771
717 1878
718 822
719 835
719 836
719 838
719 871
719 882
719 1023
719 1038
719 1052
719 1095
719 1531
719 1925
720 432
720 1581
720 1703
720 1710
721 842
721 1211
722 750
722 1118
722 1200
722 1265
723 594
723 648
724 652
724 848
724 884
724 896
724 987
724 1160
724 1471
724 1852
725 132
725 163
725 376
725 1168
725 1336
725 1555
726 225
726 812
727 345
727 551
727 1180
727 1534
727 1903
727 1980
730 455
730 763
730 1066
730 1097
730 1443
731 874
731 885
731 1170
731 1212
731 1643
731 1793
732 679
732 937
732 1031
732 1064
732 1140
733 418
733 717
733 1268
733 1449
734 1263
734 1505
734 1657
734 1689
735 675
735 1074
735 1241
735 1408
735 1764
736 775
736 919
736 1101
736 1123
736 1868
737 492
737 735
737 781
737 791
737 1244
738 383
738 649
738 688
738 1050
738 1180
738 1295
738 1351
738 1355
738 1407
738 1960
739 310
739 1025
739 1554
739 1633
739 1640
739 1790
739 1795
739 1800
739 1996
740 1037
740 1214
740 1405
740 1565
740 1689
740 1894
741 946
741 1236
741 1478
742 603
742 740
742 1082
742 1399
743 268
743 404
743 1691
743 1999
744 702
744 1490
745 416
745 1126
745 1351
746 582
746 1001
746 1042
746 1541
747 1133
747 1486
747 1603
747 1737
747 1789
747 1849
748 933
748 1307
748 1466
748 1736
750 1151
751 792
751 1184
751 1213
751 1888
752 583
752 1047
752 1114
752 1126
752 1727
752 1886
752 1967
753 416
754 308
755 537
755 1018
756 438
756 1053
756 1146
756 1606
756 1623
757 360
757 888
757 1248
757 1309
757 1329
757 1367
757 1679
757 1712
757 1727
758 828
758 1567
758 1682
759 111
759 1888
760 598
761 608
761 1105
761 1112
762 135
762 1571
762 1804
762 1885
762 1889
763 94
763 992
763 1239
764 940
764 1438
766 184
766 1021
766 1292
766 1382
766 1776
766 1848
767 1007
767 1346
768 1136
768 1239
768 1483
768 1870
769 1502
769 1504
770 1120
770 1182
770 1410
770 1500
770 1544
770 1737
770 1759
771 63
771 966
771 1073
771 1800
772 596
772 1092
772 1252
772 1371
772 1410
772 1612
772 1860
772 1915
773 328
773 912
773 949
773 1176
773 1285
773 1698
775 821
775 875
775 1052
775 1413
775 1776
775 1874
775 1876
776 234
777 449
777 1373
777 1675
777 1881
778 1010
778 1325
778 1447
778 1595
778 1739
778 1782
778 1940
778 1983
779 877
779 1149
779 1237
779 1740
780 789
780 923
780 932
780 1080
780 1985
781 1187
781 1494
781 1799
781 1847
781 1896
782 201
783 163
783 847
783 1973
783 1985
784 1132
784 1363
784 1778
784 1911
785 608
785 687
785 1431
786 979
786 1121
786 1170
786 1223
786 1700
786 1842
786 1915
787 833
787 866
787 999
787 1969
788 716
788 1840
788 1856
788 1953
790 983
790 1087
790 1106
790 1724
791 623
791 749
791 1325
792 819
792 1388
793 388
793 720
793 1088
793 1285
793 1691
794 104
794 489
794 986
794 1857
795 1099
795 1921
796 1180
796 1203
796 1647
796 1729
796 1972
797 1178
797 1263
797 1464
797 1469
797 1479
797 1518
797 1951
798 668
798 1458
799 1033
799 1092
799 1312
799 1652
799 1775
799 1931
800 435
800 496
800 530
800 1030
800 1523
800 1533
800 1601
800 1673
800 1864
800 1964
801 562
801 811
801 834
801 921
801 949
801 1148
801 1218
801 1221
801 1349
801 1607
802 1222
802 1338
802 1558
802 1788
803 1352
803 1956
804 436
804 823
805 728
805 882
805 1467
805 1592
805 1708
806 825
806 1223
807 1346
807 1737
808 865
808 934
808 1017
808 1121
808 1455
808 1494
808 1631
808 1918
808 1952
809 1829
810 440
810 579
810 1126
810 1300
810 1811
811 909
811 966
811 979
811 1133
811 1182
811 1305
811 1606
811 1680
812 804
813 982
813 1286
813 1433
813 1618
813 1759
814 145
814 221
814 1088
815 460
815 1015
815 1706
816 1248
817 1125
817 1986
818 1148
818 1385
818 1811
818 1866
819 700
819 1530
819 1899
820 622
820 732
820 1237
820 1378
820 1964
821 814
821 950
821 1610
823 962
823 1394
823 1479
823 1720
823 1729
824 329
824 406
824 571
824 718
824 784
824 1393
824 1430
824 1501
824 1593
825 505
825 1030
825 1314
825 1333
825 1422
826 814
826 835
826 1618
827 625
827 878
827 1071
827 1236
827 1362
827 1371
827 1810
828 1526
829 281
829 603
829 1849
830 264
830 495
830 747
831 975
831 1912
832 1078
832 1552
833 1082
833 1358
833 1445
833 1612
833 1901
834 1635
834 1743
835 351
836 209
836 279
836 874
836 932
836 1998
837 1163
838 446
838 1539
838 1985
839 951
839 1544
840 518
840 1587
840 1867
841 629
841 915
841 1194
841 1198
842 1441
842 1510
842 1690
842 1916
843 236
843 1267
843 1629
843 1642
843 1668
844 871
845 202
845 611
845 1811
845 1955
847 673
847 927
847 1069
847 1880
848 1284
848 1370
848 1439
848 1444
848 1704
849 870
849 973
849 1530
849 1867
849 1891
850 1313
850 1589
851 1923
852 976
852 1034
852 1372
853 922
853 1803
853 1930
854 879
854 1274
854 1401
854 1498
854 1535
854 1676
855 812
856 1101
856 1823
857 1073
857 1331
857 1354
857 1518
858 864
858 903
858 985
858 1003
858 1054
858 1131
858 1676
858 1742
858 1856
859 179
860 680
860 761
861 497
861 859
861 1264
861 1628
861 1777
862 627
862 875
862 1005
862 1283
862 1527
863 1610
863 1871
864 875
864 1372
864 1380
864 1403
864 1640
864 1978
865 373
865 536
865 636
865 1214
865 1249
865 1594
865 1714
865 1761
866 266
866 381
866 816
866 833
867 1070
868 617
868 885
868 936
868 1432
869 419
869 884
869 1158
869 1263
869 1302
869 1511
869 1547
869 1689
869 1891
869 1920
869 1941
870 388
870 956
870 1826
871 238
871 838
871 1239
871 1786
872 492
873 670
873 1629
874 627
874 1266
874 1318
874 1659
874 1851
875 349
875 570
875 762
875 1313
875 1397
875 1457
875 1656
875 1842
875 1976
876 1049
876 1397
877 626
877 1350
877 1367
877 1502
877 1537
877 1681
878 401
878 841
878 1057
878 1383
878 1927
879 206
879 235
879 372
879 911
879 1110
879 1197
879 1535
879 1816
879 1941
880 443
880 1167
880 1251
880 1312
880 1313
881 1070
881 1371
882 1067
882 1328
882 1341
882 1511
883 632
883 854
883 919
883 960
883 1088
883 1186
883 1230
883 1997
884 1763
885 723
885 916
885 1314
885 1465
885 1659
885 1739
887 1129
887 1521
887 1787
888 760
888 965
888 1407
888 1598
888 1723
889 939
889 1445
890 785
890 869
891 165
891 1664
891 1723
891 1848
892 872
892 894
892 1133
892 1551
892 1728
893 832
893 1123
893 1185
893 1266
893 1407
893 1569
893 1990
894 1578
894 1597
894 1862
894 1876
894 1884
894 1940
896 625
896 936
896 1241
896 1766
898 1370
898 1556
898 1730
899 641
899 1178
899 1340
899 1666
899 1668
901 1066
901 1712
901 1732
902 1020
902 1108
903 647
903 1025
903 1268
903 1661
903 1697
904 550
904 1003
904 1317
904 1527
904 1577
904 1633
904 1706
904 1731
904 1900
905 587
905 601
905 1245
905 1495
905 1781
906 610
906 1700
907 528
907 816
907 1750
907 1849
908 978
908 1258
908 1469
908 1670
908 1693
908 1821
909 808
909 1151
909 1921
910 523
910 1103
910 1118
910 1314
910 1371
910 1431
910 1636
910 1799
910 1820
910 1964
911 880
911 991
911 1945
912 247
912 364
912 952
912 1030
912 1090
912 1240
912 1383
912 1390
912 1413
912 1516
912 1573
912 1923
913 835
914 245
914 603
914 1697
914 1774
915 788
915 843
915 1211
915 1943
916 371
916 437
916 1196
917 1003
917 1480
917 1680
917 1719
918 86
918 1437
918 1524
918 1628
919 880
919 1352
919 1656
921 1078
921 1193
921 1410
921 1834
921 1898
922 745
922 845
922 960
923 245
923 660
924 118
924 397
924 1147
925 1128
925 1594
925 1604
925 1887
926 1031
926 1683
926 1847
927 339
927 1194
927 1500
927 1561
927 1589
928 230
928 833
928 1164
928 1697
929 600
929 997
929 1130
929 1170
929 1979
930 390
930 644
930 1394
930 1875
930 1925
930 1987
931 255
931 976
931 1422
932 835
932 885
932 946
932 1097
932 1465
932 1642
932 1841
933 793
934 955
934 1151
934 1353
934 1887
934 1925
935 974
935 1194
935 1346
935 1368
935 1475
935 1988
936 222
937 681
937 1517
938 1862
939 1414
939 1935
940 948
940 1560
941 528
941 824
942 252
942 398
942 532
942 1284
942 1318
942 1698
943 540
943 674
943 853
943 1078
943 1154
943 1404
943 1858
944 654
946 111
946 275
946 961
946 1005
946 1068
946 1111
946 1203
946 1922
947 141
947 711
948 790
948 1261
948 1296
948 1495
948 1515
948 1598
948 1635
948 1902
948 1952
949 963
949 1018
949 1025
949 1210
950 598
950 1150
951 669
951 784
951 1050
951 1165
951 1229
951 1431
952 273
952 501
952 895
952 1071
952 1164
952 1203
952 1260
952 1422
952 1649
952 1915
953 344
953 853
953 1085
953 1473
954 523
954 590
954 992
954 1061
954 1062
954 1792
954 1940
955 688
955 916
955 1190
955 1322
955 1355
957 655
957 905
957 1038
957 1991
958 921
958 1354
958 1901
959 566
959 609
959 863
959 1053
959 1125
959 1250
959 1359
959 1877
960 503
960 918
960 1298
960 1534
960 1622
960 1674
961 599
962 482
962 800
962 1068
962 1105
962 1587
962 1829
962 1843
963 117
963 757
963 1924
964 1077
964 1773
964 1929
965 593
965 1024
965 1419
965 1565
966 376
966 1145
966 1927
967 1238
968 981
968 1889
969 157
969 1025
969 1030
969 1344
969 1395
969 1969
970 855
970 1397
970 1425
970 1900
971 234
971 1716
972 1034
972 1105
972 1171
972 1993
973 1451
974 682
974 1105
974 1622
974 1940
975 1214
975 1318
975 1739
976 1046
976 1576
976 1738
976 1766
977 416
977 967
977 1644
978 74
978 1365
978 1649
978 1765
978 1935
979 503
979 580
979 1053
979 1386
980 963
980 1137
980 1461
980 1472
980 1520
980 1526
980 1929
981 1450
981 1662
981 1664
981 1855
982 402
982 705
982 1763
982 1924
983 949
983 1518
983 1564
983 1869
984 824
985 287
985 686
985 1639
985 1738
985 1949
986 798
986 1324
986 1478
986 1816
986 1868
987 848
987 1657
987 1718
988 466
988 649
988 1048
988 1107
988 1204
988 1430
988 1584
988 1667
988 1708
988 1758
988 1808
989 275
989 412
989 589
989 718
989 1101
989 1519
990 362
990 412
990 441
990 974
990 1308
990 1751
991 1079
991 1273
991 1433
991 1942
992 510
992 1230
992 1269
992 1320
992 1327
992 1335
993 1021
993 1116
994 188
994 1030
994 1151
995 614
995 685
995 1870
995 1950
996 924
996 951
996 1125
997 971
997 1004
997 1008
997 1265
997 1365
997 1376
997 1677
997 1883
997 1904
998 650
998 1234
998 1600
998 1828
998 1874
999 1333
999 1691
1000 1426
1000 1555
1000 1854
1001 1340
1001 1400
1001 1513
1001 1548
1002 297
1002 705
1002 907
1002 1180
1002 1673
1003 503
1003 705
1003 749
1003 849
1003 930
1003 1686
1004 648
1004 806
1004 924
1005 875
1005 891
1005 1118
1005 1221
1005 1276
1005 1665
1005 1809
1006 543
1006 947
1006 1790
1007 943
1007 1367
1007 1677
1007 1848
1008 643
1008 843
1008 1042
1008 1186
1008 1440
1008 1724
1008 1738
1008 1861
1009 571
1009 1975
1010 1251
1010 1349
1010 1453
1010 1867
1011 158
1011 508
1011 762
1011 1261
1011 1971
1012 1008
1012 1145
1013 449
1013 623
1013 654
1013 892
1013 1380
1014 1989
1015 366
1015 1024
1015 1524
1016 628
1016 844
1016 1415
1016 1471
1017 1090
1017 1405
1017 1938
1019 868
1019 942
1020 256
1020 1593
1021 74
1022 456
1022 867
1023 728
1024 790
1024 889
1024 891
1024 1814
1024 1822
1025 822
1026 1700
1026 1704
1027 763
1027 1124
1027 1158
1027 1441
1027 1706
1028 619
1028 1278
1028 1549
1028 1591
1028 1878
1029 546
1029 1275
1029 1913
1030 919
1030 1794
1030 1925
1031 659
1031 994
1032 672
1032 1139
1032 1577
1033 413
1033 1514
1033 1850
1033 1923
1034 239
1034 245
1034 465
1034 976
1034 1030
1035 1254
1035 1693
1036 1285
1036 1360
1037 555
1037 978
1037 1118
1037 1302
1037 1371
1037 1430
1037 1711
1037 1921
1038 519
1038 835
1038 1252
1038 1793
1039 628
1039 752
1039 1261
1039 1522
1040 401
1040 1502
1040 1699
1040 1806
1040 1946
1040 1956
1040 1976
1041 215
1041 342
1041 866
1041 1254
1041 1486
1041 1579
1041 1629
1041 1855
1041 1941
1042 433
1042 810
1042 1722
1043 460
1043 1025
1043 1401
1043 1464
1043 1823
1044 1087
1044 1349
1044 1433
1044 1800
1045 677
1045 1394
1045 1628
1045 1734
1045 1811
1046 223
1046 395
1046 1174
1046 1299
1046 1407
1046 1980
1047 96
1047 459
1047 576
1047 1437
1048 802
1049 412
1049 1155
1049 1274
1049 1691
1050 913
1050 1047
1050 1438
1050 1512
1050 1900
1051 1044
1051 1889
1052 588
1052 821
1052 1293
1052 1735
1053 565
1053 1329
1053 1531
1054 339
1054 862
1054 1128
1054 1267
1054 1714
1054 1845
1054 1982
1055 1073
1055 1129
1055 1382
1055 1483
1055 1530
1055 1813
1056 1988
1057 649
1057 1009
1058 979
1058 1942
1058 1971
1059 431
1059 1036
1059 1482
1059 1662
1059 1815
1060 1627
1060 1835
1061 1835
1061 1862
1062 888
1062 1130
1062 1883
1062 1888
1063 731
1063 1054
1063 1259
1063 1371
1064 837
1064 956
1064 1031
1064 1407
1064 1542
1064 1603
1064 1871
1065 1532
1066 1073
1067 1069
1067 1156
1067 1291
1067 1929
1068 1146
1069 801
1069 885
1069 1336
1069 1535
1069 1656
1069 1937
1070 696
1071 236
1071 695
1071 1617
1071 1651
1072 852
1072 1121
1072 1240
1073 679
1073 1403
1073 1560
1073 1768
1073 1890
1074 780
1074 860
1074 1323
1074 1607
1075 357
1075 477
1075 1310
1075 1318
1075 1377
1075 1434
1076 394
1076 1253
1076 1322
1077 626
1077 639
1077 940
1077 985
1077 1704
1077 1873
1077 1993
1078 1327
1078 1475
1078 1530
1079 1438
1079 1443
1079 1744
1079 1802
1079 1889
1079 1924
1080 498
1080 932
1081 924
1082 568
1082 801
1082 893
1082 1404
1083 1358
1083 1995
1084 1173
1084 1452
1085 1033
1085 1829
1086 1104
1086 1520
1086 1802
1086 1887
1087 657
1087 720
1087 826
1087 1926
1088 787
1088 889
1088 906
1088 960
1089 1135
1089 1766
1089 1833
1090 682
1090 1052
1090 1094
1090 1181
1091 968
1091 1203
1091 1309
1092 501
1092 946
1093 1589
1093 1800
1093 1936
1094 772
1095 1117
1095 1910
1095 1977
1096 948
1096 956
1097 549
1097 603
1097 637
1097 763
1097 1058
1097 1825
1098 617
1098 850
1098 1138
1098 1172
1099 1359
1099 1405
1099 1457
1099 1831
1099 1962
1100 681
1100 1975
1101 309
1101 564
1101 888
1101 919
1101 958
1101 1363
1101 1453
1101 1471
1101 1934
1102 418
1102 519
1102 1288
1102 1861
1102 1869
1102 1892
1103 349
1103 1124
1103 1147
1103 1268
1103 1650
1103 1836
1103 1864
1104 657
1104 899
1104 1174
1104 1389
1104 1434
1104 1712
1105 1068
1105 1133
1106 1032
1106 1257
1106 1323
1107 300
1108 875
1108 1020
1109 713
1109 1557
1109 1699
1109 1857
1110 287
1110 359
1110 985
1110 1511
1110 1667
1111 323
1111 771
1111 1005
1111 1027
1111 1062
1111 1482
1111 1500
1112 933
1112 1504
1112 1924
1112 1937
1113 549
1113 621
1113 901
1113 1206
1113 1228
1113 1267
1113 1316
1113 1327
1114 474
1114 486
1114 746
1114 1047
1115 1280
1115 1838
1116 552
1116 1021
1116 1162
1116 1267
1116 1817
1117 684
1117 1083
1118 672
1118 750
1118 819
1118 831
1118 1052
1118 1893
1119 1230
1119 1251
1119 1297
1119 1474
1119 1589
1119 1855
1119 1946
1119 1986
1120 1551
1120 1861
1121 855
1121 1399
1122 792
1122 1397
1122 1866
1123 659
1123 862
1124 243
1124 993
1125 322
1126 242
1126 619
1126 710
1126 1559
1126 1818
1127 492
1127 673
1127 1121
1128 117
1128 862
1128 1108
1128 1347
1128 1657
1129 569
1129 1912
1130 223
1130 1372
1130 1660
1130 1775
1131 792
1131 1476
1133 492
1133 1074
1133 1472
1133 1919
1134 628
1134 930
1134 1196
1134 1650
1134 1655
1135 192
1135 963
1136 1849
1137 928
1137 1966
1138 443
1138 916
1138 1372
1139 1095
1140 398
1140 483
1140 845
1140 937
1140 1469
1140 1610
1140 1819
1140 1853
1141 287
1141 628
1141 826
1143 1130
1143 1631
1143 1746
1144 1119
1144 1242
1144 1736
1145 813
1145 1135
1145 1151
1145 1370
1145 1660
1145 1769
1145 1888
1145 1956
1147 1319
1147 1441
1147 1508
1148 381
1148 676
1148 1321
1148 1500
1149 517
1149 877
1149 1471
1149 1588
1149 1728
1149 1850
1149 1936
1149 1942
1150 677
1150 845
1150 1119
1151 1030
1151 1652
1151 1956
1152 706
1152 1365
1152 1443
1152 1614
1152 1855
1153 1728
1154 1523
1154 1567
1154 1620
1156 189
1156 678
1156 805
1156 1069
1156 1482
1156 1602
1157 689
1157 1500
1157 1814
1157 1830
1157 1863
1157 1918
1158 397
1158 585
1158 1570
1158 1582
1158 1605
1158 1650
1159 130
1159 420
1159 1766
1159 1870
1160 1250
1160 1317
1160 1342
1160 1691
1161 741
1161 989
1162 342
1162 1028
1163 1107
1163 1190
1163 1422
1164 1827
1164 1890
1165 366
1165 1458
1165 1695
1166 873
1166 1359
1167 159
1167 1395
1167 1953
1168 533
1168 797
1168 1270
1168 1403
1168 1789
1170 853
1170 1130
1170 1225
1171 1160
1171 1253
1172 646
1172 1028
1172 1228
1172 1464
1172 1579
1172 1647
1172 1820
1173 1209
1173 1739
1173 1934
1174 1218
1174 1424
1175 1119
1175 1148
1175 1152
1175 1648
1176 637
1176 1914
1177 633
1177 1234
1177 1390
1177 1848
1178 1192
1178 1788
1179 966
1179 1218
1179 1716
1180 557
1180 1125
1180 1733
1180 1771
1180 1872
1181 466
1181 598
1182 501
1182 622
1182 825
1182 909
1182 1194
1182 1550
1182 1943
1183 785
1183 1187
1184 1127
1184 1282
1185 565
1185 674
1185 799
1185 984
1185 1123
1186 919
1187 770
1187 802
1187 1079
1187 1640
1187 1860
1188 736
1188 992
1188 1688
1188 1776
1188 1845
1188 1984
1189 75
1189 921
1189 922
1190 730
1191 692
1191 1121
1192 906
1194 1106
1194 1117
1195 718
1195 835
1196 181
1196 1604
1197 499
1197 1542
1197 1733
1198 735
1198 797
1199 182
1199 1014
1199 1028
1199 1258
1199 1459
1199 1635
1199 1916
1200 880
1200 960
1200 1222
1200 1250
1200 1298
1200 1324
1200 1486
1200 1552
1201 949
1201 1364
1201 1446
1201 1816
1202 240
1202 546
1202 822
1202 1371
1202 1419
1203 386
1203 851
1203 1223
1204 750
1204 1367
1204 1606
1205 492
1205 1406
1205 1715
1207 379
1207 428
1208 877
1208 1532
1208 1715
1209 785
1209 1189
1210 805
1211 842
1211 895
1212 747
1212 874
1212 1331
1212 1746
1212 1888
1213 727
1213 843
1213 1767
1213 1860
1213 1879
1214 914
1214 1119
1214 1453
1214 1467
1214 1714
1215 1147
1216 1611
1216 1801
1217 489
1217 1092
1217 1196
1217 1416
1217 1664
1218 120
1218 506
1218 775
1218 989
1218 1210
1218 1495
1218 1653
1218 1794
1219 694
1219 1292
1219 1441
1219 1839
1219 1981
1219 1995
1220 472
1221 949
1221 1869
1221 1955
1222 1072
1222 1939
1223 1065
1223 1156
1223 1498
1223 1536
1223 1590
1224 396
1224 688
1224 756
1224 1102
1224 1824
1224 1982
1225 1018
1225 1364
1225 1880
1226 954
1227 883
1227 1125
1227 1519
1227 1711
1228 899
1229 301
1229 1165
1229 1233
1229 1739
1230 1269
1230 1661
1230 1969
1231 311
1231 692
1231 1137
1231 1203
1232 400
1232 917
1232 1514
1232 1665
1233 383
1233 1061
1233 1401
1233 1567
1233 1946
1233 1972
1234 184
1234 1542
1234 1806
1234 1912
1236 1014
1237 883
1237 1388
1237 1936
1239 1094
1239 1940
1240 632
1240 689
1240 1121
1240 1304
1240 1380
1240 1526
1240 1625
1240 1996
1241 61
1241 718
1242 404
1242 1329
1242 1885
1243 295
1243 446
1243 497
1243 546
1243 1469
1244 542
1244 941
1244 1063
1244 1243
1244 1444
1245 153
1245 225
1246 311
1246 784
1246 850
1246 879
1246 1452
1246 1729
1247 610
1249 223
1249 797
1249 1302
1249 1504
1249 1750
1249 1786
1249 1949
1250 1233
1250 1335
1250 1895
1251 280
1251 934
1251 1366
1251 1939
1252 1017
1252 1714
1253 1043
1253 1205
1253 1695
1254 613
1254 776
1254 1427
1255 1270
1255 1292
1255 1967
1255 1990
1256 454
1256 1097
1256 1135
1256 1593
1257 1396
1257 1577
1257 1591
1257 1653
1257 1867
1258 1897
1259 81
1259 884
1260 425
1260 777
1261 769
1261 972
1261 1989
1262 500
1262 695
1262 747
1262 1411
1262 1685
1262 1826
1263 919
1263 1482
1263 1577
1263 1635
1263 1814
1263 1861
1263 1926
1264 262
1265 1004
1265 1103
1265 1576
1266 1025
1266 1270
1266 1341
1266 1582
1268 1291
1268 1509
1268 1584
1268 1664
1269 407
1269 1111
1270 668
1270 1225
1271 995
1271 1546
1271 1715
1272 560
1272 1061
1272 1572
1272 1746
1273 625
1273 1610
1274 879
1275 326
1275 349
1275 585
1275 1252
1275 1296
1276 618
1276 1118
1276 1502
1276 1830
1276 1893
1277 908
1277 1254
1277 1372
1277 1400
1278 1453
1278 1844
1279 810
1279 996
1279 1740
1279 1915
1279 1986
1280 318
1280 1012
1280 1172
1280 1289
1280 1449
1281 1512
1281 1527
1282 933
1283 186
1283 817
1284 400
1284 462
1284 1069
1284 1740
1285 822
1285 899
1285 1019
1285 1160
1285 1645
1285 1806
1286 1770
1287 950
1287 976
1287 1309
1287 1383
1287 1630
1287 1946
1287 1997
1288 390
1288 1194
1289 549
1289 940
1289 1296
1289 1464
1289 1543
1289 1593
1289 1814
1290 445
1290 560
1290 847
1290 912
1290 1454
1290 1565
1291 673
1291 1007
1291 1121
1292 437
1292 1260
1292 1270
1292 1406
1292 1605
1293 109
1293 248
1293 854
1293 926
1294 389
1295 337
1295 579
1296 874
1297 534
1297 765
1297 925
1297 1184
1297 1447
1297 1781
1298 1447
1298 1530
1298 1603
1299 1450
1299 1612
1299 1994
1300 913
1300 997
1301 1439
1301 1596
1301 1800
1302 717
1302 884
1302 897
1303 1703
1303 1738
1305 790
1305 795
1305 1133
1305 1169
1305 1592
1305 1688
1306 1282
1307 312
1307 657
1307 689
1307 933
1307 1181
1307 1821
1307 1846
1308 779
1308 1317
1309 844
1309 1269
1310 1433
1310 1596
1310 1906
1311 845
1311 1270
1311 1645
1311 1877
1312 1033
1312 1333
1312 1421
1312 1629
1312 1648
1312 1720
1312 1818
1313 558
1313 1167
1314 778
1315 168
1315 1192
1316 393
1316 482
1316 773
1316 914
1316 1066
1316 1443
1316 1799
1317 799
1317 1078
1318 583
1318 642
1318 1173
1318 1228
1319 870
1319 1553
1320 795
1320 1288
1321 1550
1321 1991
1322 435
1322 811
1322 1190
1322 1454
1322 1656
1322 1807
1322 1839
1323 1257
1324 743
1324 1222
1324 1318
1325 691
1325 1124
1325 1270
1326 824
1326 1324
1326 1505
1326 1900
1327 1316
1327 1461
1327 1929
1328 732
1328 1067
1329 826
1329 1165
1329 1539
1330 276
1330 461
1330 1246
1331 885
1331 945
1332 1000
1334 819
1334 1557
1334 1574
1334 1626
1335 452
1335 808
1335 1269
1335 1408
1335 1802
1337 468
1337 563
1337 628
1337 1038
1337 1425
1337 1478
1338 749
1338 1222
1338 1267
1339 227
1339 925
1340 410
1340 703
1340 1155
1340 1178
1341 283
1341 1270
1342 600
1342 1022
1342 1250
1344 957
1344 975
1345 496
1345 1164
1346 265
1346 455
1346 1007
1346 1767
1346 1923
1347 722
1347 897
1348 1127
1349 260
1349 699
1349 806
1349 921
1350 1280
1351 71
1351 439
1351 1101
1352 1023
1352 1216
1353 1279
1354 864
1354 964
1354 1073
1354 1148
1355 858
1355 1180
1355 1586
1355 1723
1356 621
1356 1143
1356 1652
1356 1922
1357 1874
1357 1986
1358 591
1358 661
1358 956
1358 1370
1358 1618
1358 1921
1359 405
1359 412
1359 652
1359 933
1359 1053
1359 1105
1359 1713
1359 1888
1360 1285
1361 1653
1362 221
1363 1303
1363 1334
1364 1043
1364 1404
1364 1643
1364 1861
1364 1987
1365 372
1365 1008
1365 1043
1365 1671
1365 1810
1365 1922
1366 1159
1366 1423
1366 1522
1367 81
1367 782
1367 957
1367 1255
1368 829
1368 969
1368 1345
1368 1441
1368 1552
1370 844
1370 976
1370 1004
1370 1088
1370 1143
1370 1284
1370 1354
1371 792
1371 878
1371 1008
1371 1020
1371 1070
1371 1259
1372 1307
1373 532
1373 955
1374 680
1374 753
1374 838
1374 1696
1374 1807
1375 482
1375 1409
1375 1495
1375 1720
1375 1804
1376 1483
1376 1502
1376 1697
1376 1806
1377 1305
1377 1318
1377 1668
1378 787
1378 1044
1378 1206
1378 1282
1378 1372
1378 1524
1378 1800
1380 875
1380 1032
1380 1304
1380 1649
1380 1671
1380 1864
1380 1901
1381 818
1381 1456
1381 1957
1382 642
1382 1073
1382 1450
1382 1653
1382 1680
1383 474
1383 543
1383 1199
1383 1490
1383 1622
1383 1767
1383 1881
1384 1105
1384 1420
1384 1638
1385 627
1385 1127
1385 1288
1386 727
1386 995
1386 1358
1387 1451
1387 1545
1387 1689
1388 314
1388 1410
1388 1422
1389 1174
1389 1228
1389 1444
1389 1997
1390 1069
1390 1593
1390 1654
1390 1913
1390 1970
1391 231
1391 351
1392 102
1392 932
1392 998
1392 1768
1393 549
1393 661
1393 936
1393 1071
1393 1084
1394 1174
1394 1330
1395 1944
1396 707
1396 883
1396 1033
1396 1167
1396 1276
1396 1565
1397 1013
1397 1049
1397 1117
1398 440
1398 802
1398 1375
1398 1421
1398 1956
1399 836
1399 1082
1399 1195
1399 1550
1399 1787
1399 1935
1400 1004
1400 1122
1400 1171
1401 61
1401 301
1401 1305
1401 1308
1401 1309
1401 1596
1401 1613
1401 1629
1401 1752
1402 808
1402 1074
1402 1177
1402 1591
1403 666
1403 1059
1403 1196
1404 970
1404 1154
1404 1253
1404 1298
1404 1303
1404 1317
1404 1326
1404 1435
1404 1892
1405 887
1405 1134
1405 1536
1405 1794
1406 1117
1406 1403
1406 1880
1407 139
1407 965
1407 1351
1407 1967
1408 1040
1408 1074
1408 1282
1409 467
1409 785
1409 974
1409 1531
1409 1620
1409 1736
1410 1069
1410 1078
1410 1120
1410 1123
1410 1133
1411 1099
1412 540
1412 643
1412 698
1412 1025
1412 1656
1412 1864
1413 837
1414 348
1415 379
1415 1097
1415 1238
1416 166
1416 690
1416 1234
1416 1460
1417 691
1417 1284
1418 655
1418 666
1418 1356
1419 628
1420 899
1420 912
1420 1849
1421 549
1421 809
1421 1140
1421 1146
1421 1250
1421 1333
1422 1071
1422 1190
1422 1410
1423 1294
1423 1847
1423 1944
1424 638
1424 1143
1424 1218
1425 429
1425 1273
1425 1865
1426 129
1426 353
1426 850
1426 995
1427 706
1427 1504
1427 1626
1428 913
1428 1037
1428 1349
1429 522
1429 1021
1430 252
1430 917
1430 977
1430 1204
1430 1249
1430 1371
1431 1050
1431 1303
1431 1371
1431 1555
1431 1653
1431 1926
1432 363
1432 885
1432 903
1432 943
1432 1101
1432 1174
1432 1378
1432 1560
1433 734
1433 810
1433 1087
1433 1273
1433 1286
1434 600
1434 812
1434 1310
1434 1317
1434 1439
1434 1691
1434 1930
1436 257
1437 651
1437 1227
1437 1415
1438 630
1438 637
1438 962
1438 1114
1439 944
1439 1088
1440 542
1440 1136
1440 1316
1440 1327
1441 1504
1441 1808
1442 1992
1443 518
1443 836
1443 927
1444 712
1444 853
1444 925
1445 538
1445 939
1445 1082
1445 1478
1445 1793
1445 1869
1448 596
1448 705
1448 851
1448 1211
1448 1368
1448 1628
1448 1826
1448 1839
1448 1958
1449 485
1449 855
1449 898
1449 1268
1449 1289
1450 910
1450 1056
1450 1750
1451 479
1451 1146
1451 1195
1452 824
1452 1049
1452 1173
1452 1223
1453 1136
1453 1216
1453 1538
1453 1630
1453 1635
1453 1669
1453 1709
1454 410
1454 561
1454 802
1454 1069
1455 671
1455 865
1456 555
1456 769
1456 903
1457 385
1457 1073
1457 1213
1457 1331
1457 1335
1457 1636
1458 786
1458 1246
1459 798
1459 848
1459 923
1459 1296
1459 1300
1459 1502
1459 1845
1460 596
1460 703
1460 1526
1460 1933
1461 819
1461 1129
1461 1686
1461 1808
1462 849
1462 941
1462 1238
1463 511
1463 715
1463 1549
1464 331
1464 966
1464 1030
1464 1141
1464 1363
1464 1401
1465 355
1465 472
1465 693
1465 1339
1465 1641
1465 1650
1465 1782
1466 605
1466 678
1467 290
1468 295
1468 511
1468 887
1468 1288
1468 1638
1469 713
1469 859
1469 1464
1469 1524
1469 1822
1470 371
1470 536
1471 455
1471 862
1471 896
1471 1415
1471 1656
1471 1763
1472 298
1472 787
1472 1137
1472 1411
1472 1436
1473 346
1473 1085
1473 1276
1474 912
1474 1141
1474 1145
1475 511
1475 1303
1475 1751
1475 1780
1476 989
1477 1965
1478 766
1478 796
1478 1989
1479 640
1479 887
1479 1210
1479 1263
1479 1404
1479 1490
1479 1601
1479 1731
1480 568
1480 664
1480 1071
1480 1291
1481 1356
1481 1474
1481 1816
1481 1846
1481 1952
1481 1997
1482 685
1482 867
1482 1063
1482 1351
1482 1373
1482 1595
1482 1678
1483 1239
1483 1370
1484 783
1484 1001
1484 1185
1485 755
1485 1361
1486 1097
1486 1331
1486 1361
1487 1170
1487 1315
1487 1375
1487 1503
1487 1839
1488 494
1489 1367
1489 1873
1491 307
1491 978
1491 1502
1491 1667
1492 1201
1493 754
1493 1148
1493 1197
1494 1060
1494 1162
1494 1474
1495 1245
1495 1331
1495 1889
1495 1912
1496 457
1496 458
1497 1231
1498 174
1498 1117
1499 559
1499 674
1499 818
1499 846
1499 1296
1499 1455
1499 1527
1499 1938
1500 880
1500 1136
1500 1321
1500 1380
1500 1482
1501 798
1501 995
1501 1113
1501 1230
1501 1245
1502 401
1502 1307
1502 1337
1503 991
1504 642
1504 679
1504 898
1504 1090
1504 1150
1504 1502
1505 1370
1506 1131
1507 865
1507 971
1507 1202
1507 1244
1507 1419
1508 412
1508 870
1509 866
1510 941
1510 1034
1511 1398
1512 435
1512 1014
1512 1462
1514 388
1514 1261
1515 477
1515 666
1516 1261
1516 1350
1516 1390
1516 1411
1516 1548
1517 905
1517 944
1517 993
1517 1240
1517 1671
1518 911
1518 1004
1519 1101
1519 1443
1519 1529
1519 1619
1520 97
1520 399
1520 762
1520 981
1521 833
1521 1262
1521 1395
1521 1427
1521 1456
1522 1261
1522 1391
1522 1845
1522 1860
1522 1938
1523 525
1523 1036
1524 328
1524 1270
1524 1506
1524 1825
1525 860
1526 486
1526 1154
1526 1511
1527 1283
1528 1039
1528 1307
1528 1807
1529 603
1529 1088
1529 1347
1530 187
1530 240
1530 973
1530 1416
1530 1483
1530 1524
1530 1561
1530 1847
1531 1023
1531 1089
1531 1329
1532 1191
1532 1905
1532 1938
1533 657
1533 1210
1533 1413
1534 900
1534 1434
1535 1197
1535 1327
1535 1512
1535 1743
1535 1983
1536 305
1536 471
1536 1615
1536 1873
1537 753
1537 846
1537 886
1537 1262
1537 1350
1538 441
1539 476
1540 776
1540 1654
1540 1657
1540 1803
1540 1990
1541 291
1541 781
1541 1032
1541 1416
1541 1493
1541 1555
1541 1773
1542 1019
1543 1238
1543 1399
1544 1674
1544 1907
1546 456
1546 507
1546 856
1547 199
1547 630
1547 953
1547 974
1547 1235
1547 1490
1547 1511
1548 660
1548 1391
1549 507
1549 795
1549 1278
1549 1377
1550 589
1550 643
1551 620
1551 1133
1551 1236
1552 388
1552 863
1552 1441
1553 978
1553 1244
1554 570
1554 979
1554 1120
1555 871
1556 1544
1556 1800
1556 1865
1557 752
1558 982
1558 1375
1558 1430
1558 1622
1558 1729
1559 412
1559 561
1559 639
1559 697
1559 1188
1559 1382
1560 566
1560 754
1560 1475
1560 1990
1561 149
1561 1194
1561 1448
1562 250
1562 489
1562 986
1562 1387
1562 1409
1563 135
1563 256
1563 1098
1564 101
1564 620
1564 766
1564 1240
1564 1481
1564 1518
1565 615
1565 1102
1565 1454
1565 1549
1566 1036
1566 1290
1567 1123
1567 1260
1567 1527
1568 265
1568 528
1570 974
1571 947
1571 1499
1571 1755
1572 1217
1573 1188
1573 1406
1574 798
1574 830
1574 903
1574 1478
1575 354
1575 1084
1576 709
1576 864
1576 1046
1576 1155
1576 1271
1577 388
1578 141
1578 514
1578 928
1578 1351
1578 1777
1578 1998
1579 270
1579 1244
1579 1718
1579 1931
1580 970
1580 1163
1582 798
1582 1441
1582 1485
1582 1489
1582 1553
1582 1570
1583 1116
1583 1476
1584 659
1584 870
1584 1121
1584 1284
1584 1397
1584 1439
1584 1509
1585 681
1585 895
1585 1003
1585 1268
1585 1338
1585 1511
1585 1520
1585 1809
1585 1981
1586 556
1587 568
1587 1306
1587 1459
1587 1981
1588 643
1588 767
1588 979
1588 984
1588 1471
1588 1608
1588 1931
1589 662
1589 1223
1589 1255
1589 1313
1589 1363
1589 1672
1590 779
1590 1150
1590 1151
1591 781
1591 1577
1591 1946
1592 680
1592 1002
1592 1302
1592 1348
1593 471
1593 1025
1593 1173
1593 1296
1593 1393
1594 1303
1595 807
1595 1210
1595 1370
1596 653
1596 1148
1596 1291
1596 1295
1596 1433
1596 1491
1597 610
1597 642
1597 1096
1597 1352
1597 1577
1597 1584
1597 1600
1597 1825
1597 1874
1598 663
1598 697
1598 1183
1598 1323
1598 1364
1598 1475
1598 1753
1598 1775
1599 726
1599 877
1599 1929
1599 1987
1600 1126
1600 1202
1600 1234
1600 1318
1600 1601
1600 1796
1601 1030
1601 1490
1602 1664
1602 1682
1603 1516
1604 411
1604 469
1604 1498
1604 1579
1604 1594
1605 236
1605 584
1605 871
1605 1406
1606 635
1606 1045
1606 1170
1607 1390
1607 1547
1607 1660
1608 198
1608 944
1608 1027
1608 1066
1609 1569
1610 894
1610 988
1611 622
1611 1088
1612 1242
1612 1397
1612 1450
1613 302
1613 1546
1613 1629
1613 1879
1614 560
1614 616
1614 725
1615 471
1615 858
1615 895
1615 1096
1616 424
1616 594
1616 1049
1616 1397
1617 1093
1618 835
1618 858
1618 958
1618 978
1618 1318
1618 1352
1618 1444
1619 714
1619 1117
1619 1140
1619 1155
1619 1336
1619 1529
1619 1655
1619 1943
1620 1428
1620 1523
1621 811
1621 1480
1622 823
1622 1105
1622 1534
1623 1444
1623 1534
1624 1113
1624 1235
1624 1606
1625 1864
1626 913
1626 1185
1626 1557
1626 1558
1627 713
1627 1104
1627 1572
1628 400
1628 882
1628 996
1628 1373
1628 1464
1628 1523
1629 487
1629 758
1629 1385
1629 1579
1630 763
1630 1490
1631 1418
1631 1494
1632 404
1632 1178
1632 1439
1632 1573
1633 364
1633 1465
1634 1133
1635 1258
1635 1296
1635 1577
1635 1630
1636 1575
1636 1586
1637 1101
1637 1222
1637 1580
1638 174
1638 1420
1639 191
1639 583
1639 1112
1639 1119
1639 1331
1640 1413
1642 750
1642 976
1642 1629
1642 1635
1643 572
1643 660
1643 1004
1643 1205
1643 1378
1644 812
1644 968
1644 972
1644 1231
1644 1248
1645 259
1645 791
1645 852
1645 983
1646 655
1646 1359
1647 1221
1647 1464
1648 545
1648 887
1648 1229
1648 1433
1649 266
1649 621
1649 898
1649 1171
1649 1260
1649 1365
1649 1771
1649 1972
1650 1124
1650 1605
1650 1915
1651 990
1651 1048
1651 1617
1653 425
1653 720
1653 918
1653 997
1653 1342
1653 1495
1653 1631
1654 775
1654 1305
1655 575
1655 1013
1655 1571
1656 995
1656 1313
1656 1336
1656 1339
1656 1352
1656 1454
1656 1783
1656 1843
1657 1278
1657 1347
1657 1505
1658 1174
1658 1433
1659 301
1659 880
1659 1208
1659 1218
1659 1318
1659 1408
1659 1703
1659 1768
1660 336
1660 578
1660 897
1660 1147
1661 402
1661 627
1661 1268
1661 1269
1661 1307
1661 1546
1662 449
1662 498
1662 1280
1662 1452
1663 566
1663 790
1664 365
1664 689
1664 922
1664 1291
1664 1416
1664 1443
1664 1450
1664 1821
1664 1842
1665 755
1665 1514
1666 658
1666 670
1666 791
1667 1048
1667 1055
1667 1511
1667 1602
1668 469
1668 1485
1669 860
1669 1596
1670 479
1670 628
1670 1323
1670 1410
1671 923
1671 1429
1672 462
1672 769
1672 805
1672 1853
1672 1893
1673 1180
1673 1640
1674 562
1674 834
1674 1648
1675 779
1675 1373
1676 82
1676 519
1677 828
1677 1459
1677 1570
1678 496
1678 666
1678 831
1678 1034
1678 1246
1679 1000
1679 1001
1679 1448
1680 979
1680 1215
1680 1450
1680 1639
1681 156
1681 460
1681 1064
1681 1367
1682 495
1683 172
1683 1171
1683 1469
1683 1651
1684 930
1684 940
1684 948
1684 1083
1684 1127
1685 1117
1685 1411
1685 1561
1686 1258
1686 1302
1686 1387
1687 588
1687 1419
1688 1021
1688 1357
1688 1592
1689 1263
1689 1339
1689 1342
1689 1451
1689 1540
1690 803
1690 1117
1690 1203
1691 172
1691 1043
1691 1285
1692 789
1692 1648
1693 978
1693 1254
1693 1419
1693 1472
1693 1475
1693 1501
1694 276
1694 344
1694 830
1694 916
1695 744
1695 1209
1695 1212
1695 1493
1695 1534
1695 1760
1695 1969
1695 1984
1696 443
1696 820
1696 1488
1696 1597
1697 1132
1697 1164
1698 552
1698 832
1698 912
1698 1106
1698 1156
1698 1834
1698 1971
1699 943
1699 1557
1700 316
1700 1562
1700 1585
1701 1010
1703 200
1703 849
1703 1193
1703 1437
1703 1722
1703 1881
1704 1360
1704 1402
1704 1700
1705 982
1705 1240
1705 1326
1705 1360
1706 230
1706 1015
1706 1158
1706 1419
1707 787
1707 822
1707 1901
1707 1956
1708 690
1708 1123
1708 1476
1709 344
1709 606
1709 869
1709 1021
1709 1180
1709 1669
1710 843
1710 1017
1710 1205
1710 1402
1710 1413
1710 1581
1711 470
1711 828
1711 1302
1711 1519
1711 1634
1712 1066
1712 1278
1712 1682
1713 469
1713 679
1713 1230
1714 184
1714 909
1714 914
1714 1409
1714 1454
1715 386
1715 402
1715 441
1715 1345
1715 1351
1715 1382
1715 1384
1715 1695
1716 478
1716 712
1716 906
1716 1152
1716 1355
1717 613
1717 1560
1718 450
1718 879
1718 1043
1718 1102
1718 1284
1718 1288
1718 1564
1718 1657
1719 1295
1719 1589
1719 1621
1719 1680
1720 735
1720 1226
1720 1479
1720 1667
1721 817
1721 1569
1722 253
1722 824
1722 1169
1722 1267
1723 1261
1723 1586
1723 1598
1724 1007
1724 1277
1725 400
1725 541
1725 1375
1725 1452
1725 1522
1725 1538
1725 1676
1726 541
1726 736
1727 560
1727 937
1727 1126
1727 1209
1727 1573
1727 1679
1728 442
1728 894
1728 1245
1728 1301
1729 646
1729 660
1729 1394
1729 1622
1729 1663
1730 1700
1731 924
1731 1577
1732 942
1732 1213
1733 451
1733 619
1733 927
1733 1341
1733 1397
1733 1542
1733 1562
1734 1222
1735 601
1735 1231
1735 1293
1736 846
1736 1242
1736 1531
1736 1642
1737 208
1737 236
1737 1103
1737 1356
1737 1382
1737 1603
1737 1761
1738 768
1738 1494
1738 1639
1739 645
1739 662
1739 725
1739 737
1739 1233
1739 1318
1739 1325
1739 1465
1740 595
1740 879
1740 1042
1740 1492
1741 633
1741 943
1741 1514
1742 1349
1742 1616
1742 1730
1742 1851
1742 1902
1743 723
1743 1012
1743 1146
1743 1285
1743 1423
1743 1495
1743 1712
1743 1854
1743 1860
1743 1889
1743 1914
1744 32
1744 1438
1745 717
1745 967
1745 1350
1745 1707
1746 965
1746 1431
1746 1572
1746 1631
1747 714
1747 928
1747 1300
1747 1323
1748 1551
1749 595
1749 911
1749 1232
1749 1536
1750 996
1750 1005
1750 1235
1750 1494
1750 1702
1750 1924
1751 478
1751 1010
1752 649
1752 653
1752 1645
1752 1986
1753 805
1754 120
1754 656
1754 884
1754 1087
1754 1466
1754 1486
1754 1502
1754 1624
1754 1691
1755 813
1755 880
1755 1178
1755 1252
1755 1649
1755 1677
1756 307
1756 592
1756 938
1756 1154
1756 1551
1756 1668
1757 470
1757 954
1758 1043
1758 1107
1758 1672
1758 1742
1758 1751
1759 545
1759 865
1759 1660
1759 1737
1760 405
1760 993
1760 1300
1760 1635
1760 1705
1761 1646
1761 1670
1763 607
1763 1294
1763 1317
1763 1500
1764 1236
1764 1241
1764 1330
1764 1704
1765 362
1765 579
1765 583
1765 1509
1765 1600
1766 1241
1766 1413
1766 1741
1767 1490
1768 431
1768 1202
1768 1601
1768 1604
1768 1625
1768 1703
1769 568
1769 899
1769 1317
1769 1370
1769 1587
1769 1656
1770 153
1771 254
1771 1213
1772 906
1772 1591
1772 1653
1773 1077
1773 1326
1773 1457
1773 1555
1774 655
1774 960
1774 1656
1774 1697
1774 1723
1774 1766
1775 846
1775 965
1775 1072
1775 1179
1775 1652
1775 1653
1775 1660
1776 515
1776 753
1776 841
1776 854
1776 875
1776 1135
1777 497
1777 862
1777 1628
1778 1341
1779 503
1779 1405
1779 1548
1779 1642
1780 1424
1780 1500
1781 834
1781 1078
1781 1154
1781 1309
1781 1436
1781 1447
1782 1543
1782 1608
1782 1774
1783 192
1783 898
1783 1005
1784 533
1784 1091
1784 1637
1785 862
1785 1630
1785 1827
1785 1926
1786 114
1786 1024
1786 1239
1786 1317
1787 782
1787 1129
1787 1443
1787 1550
1788 462
1788 1192
1788 1652
1789 1067
1789 1228
1789 1270
1789 1486
1789 1500
1790 1033
1790 1495
1791 1032
1791 1064
1791 1097
1791 1257
1791 1444
1792 1112
1792 1380
1792 1594
1793 814
1793 946
1793 1079
1793 1170
1793 1252
1793 1456
1793 1517
1794 248
1794 864
1794 1176
1794 1536
1795 1315
1795 1475
1795 1714
1795 1726
1796 317
1796 561
1796 1601
1797 292
1799 520
1799 1003
1799 1103
1799 1300
1799 1392
1799 1474
1799 1494
1799 1641
1799 1756
1800 1013
1800 1073
1800 1439
1800 1455
1800 1524
1800 1661
1800 1728
1800 1792
1801 597
1801 639
1801 1549
1801 1611
1801 1671
1802 567
1802 1004
1802 1626
1802 1672
1803 595
1803 963
1803 1008
1803 1366
1803 1671
1804 793
1804 1495
1804 1763
1805 1089
1805 1159
1805 1378
1806 880
1806 940
1806 1093
1806 1239
1806 1483
1806 1645
1806 1771
1807 232
1807 896
1807 1176
1807 1501
1807 1625
1807 1771
1808 683
1808 774
1808 817
1808 825
1808 1584
1808 1686
1809 451
1809 1221
1809 1497
1810 468
1810 706
1810 1135
1810 1362
1810 1382
1810 1716
1811 1043
1811 1146
1811 1176
1811 1342
1811 1730
1812 1001
1812 1075
1812 1125
1812 1197
1812 1217
1812 1397
1812 1762
1812 1928
1813 248
1813 1129
1813 1214
1814 1147
1814 1235
1814 1305
1814 1339
1814 1500
1814 1543
1815 662
1815 1253
1815 1306
1815 1686
1815 1758
1815 1808
1816 548
1816 791
1816 930
1816 1008
1816 1224
1816 1443
1816 1529
1817 662
1817 794
1817 1152
1817 1162
1818 576
1818 616
1818 809
1818 844
1818 1486
1818 1559
1818 1629
1819 854
1819 938
1819 1610
1820 324
1820 1187
1821 831
1821 1243
1821 1544
1821 1640
1822 597
1822 604
1822 735
1822 1248
1822 1330
1822 1515
1822 1524
1822 1814
1823 216
1823 284
1823 1334
1823 1476
1823 1511
1823 1629
1824 378
1824 931
1824 1152
1824 1278
1824 1540
1825 289
1825 966
1825 1352
1825 1539
1825 1552
1825 1812
1826 121
1826 943
1826 1303
1826 1359
1826 1473
1826 1608
1826 1628
1827 622
1827 1010
1827 1863
1827 1884
1828 837
1828 1135
1828 1794
1829 409
1829 733
1829 1121
1829 1214
1829 1524
1829 1594
1829 1711
1830 1502
1830 1537
1831 610
1831 1359
1831 1578
1832 712
1832 741
1832 1441
1833 609
1833 735
1833 944
1833 1285
1833 1581
1833 1624
1833 1766
1834 485
1834 766
1834 1994
1835 1036
1835 1265
1835 1273
1835 1276
1835 1460
1835 1627
1835 1732
1836 426
1836 1260
1836 1268
1836 1669
1836 1739
1837 1226
1837 1458
1837 1526
1837 1566
1837 1834
1838 417
1838 697
1838 986
1838 1280
1838 1308
1839 1292
1839 1503
1839 1622
1839 1807
1840 57
1840 1133
1840 1251
1840 1312
1840 1555
1840 1653
1841 341
1841 617
1841 1432
1841 1633
1841 1642
1841 1804
1841 1982
1842 1223
1842 1873
1842 1999
1843 1023
1843 1420
1843 1512
1843 1587
1843 1783
1844 940
1844 1151
1844 1386
1844 1453
1844 1460
1844 1480
1844 1674
1845 314
1845 404
1845 505
1845 1099
1845 1136
1845 1251
1845 1502
1846 626
1846 1110
1846 1821
1846 1885
1847 885
1847 1312
1847 1561
1847 1636
1847 1683
1848 839
1848 897
1848 1116
1848 1316
1848 1327
1848 1367
1848 1370
1848 1390
1848 1664
1848 1723
1849 324
1849 331
1849 1043
1849 1492
1849 1649
1849 1782
1849 1831
1850 381
1850 1070
1850 1422
1850 1613
1850 1743
1851 1561
1851 1564
1851 1801
1852 791
1852 1755
1853 673
1853 1298
1853 1469
1853 1597
1854 1555
1854 1750
1854 1826
1855 909
1855 1092
1855 1325
1855 1365
1855 1381
1855 1474
1855 1486
1856 387
1856 863
1856 1131
1856 1832
1857 746
1857 986
1857 1294
1857 1404
1857 1584
1857 1770
1857 1830
1858 579
1858 580
1858 716
1858 789
1858 905
1858 1004
1858 1421
1858 1431
1858 1554
1858 1567
1859 851
1859 1404
1859 1419
1860 666
1860 1204
1860 1371
1860 1547
1860 1640
1860 1677
1860 1745
1860 1781
1860 1854
1861 1042
1861 1482
1861 1551
1861 1778
1861 1838
1862 741
1862 1057
1862 1245
1862 1253
1862 1457
1862 1494
1863 740
1863 1724
1863 1814
1864 1312
1864 1475
1864 1523
1864 1649
1864 1656
1865 777
1865 796
1865 1262
1865 1678
1865 1718
1865 1721
1865 1800
1866 442
1866 711
1866 803
1866 970
1866 1454
1866 1526
1866 1811
1866 1825
1867 595
1867 618
1867 665
1867 928
1867 1349
1867 1396
1868 610
1868 952
1868 1123
1869 1229
1869 1861
1870 1168
1870 1225
1870 1250
1870 1332
1870 1356
1870 1607
1870 1766
1870 1838
1871 1205
1871 1407
1871 1473
1871 1610
1872 412
1872 707
1872 1371
1872 1733
1873 731
1873 838
1873 975
1873 1221
1873 1550
1873 1615
1873 1709
1873 1755
1874 1036
1874 1550
1874 1683
1874 1825
1875 282
1875 1828
1876 290
1876 1413
1876 1597
1877 696
1877 748
1877 960
1877 1226
1877 1442
1877 1616
1877 1645
1878 1016
1878 1276
1878 1404
1878 1470
1878 1591
1878 1771
1879 421
1879 1135
1879 1629
1879 1860
1880 643
1880 927
1880 1364
1880 1705
1881 643
1881 880
1881 1212
1881 1218
1881 1615
1882 356
1882 643
1882 1086
1882 1312
1882 1833
1883 928
1883 994
1883 1383
1883 1514
1883 1585
1883 1687
1884 1495
1884 1686
1884 1862
1885 1152
1885 1187
1885 1555
1885 1770
1885 1804
1886 1340
1886 1446
1886 1849
1887 946
1887 1045
1887 1071
1887 1212
1887 1353
1887 1841
1888 429
1888 616
1888 1086
1888 1184
1888 1225
1888 1430
1888 1457
1888 1659
1888 1713
1888 1746
1889 290
1889 553
1889 981
1889 1011
1889 1164
1889 1345
1889 1484
1889 1502
1889 1552
1889 1735
1890 1007
1890 1403
1890 1408
1891 368
1891 1279
1891 1615
1892 782
1892 1288
1892 1653
1892 1731
1893 624
1893 913
1893 978
1893 1116
1893 1155
1893 1596
1893 1653
1893 1736
1893 1803
1893 1853
1894 1188
1895 929
1895 1673
1896 918
1896 996
1896 1867
1897 983
1897 1134
1897 1239
1897 1372
1898 114
1899 1439
1899 1849
1900 812
1900 876
1900 1059
1900 1286
1900 1412
1900 1479
1900 1646
1901 1354
1901 1359
1901 1483
1901 1625
1901 1661
1901 1761
1901 1780
1901 1841
1901 1902
1901 1998
1902 700
1902 790
1902 1141
1902 1251
1902 1851
1902 1888
1903 1061
1903 1445
1903 1746
1904 197
1904 572
1904 976
1904 1700
1904 1731
1905 726
1905 932
1905 1136
1905 1486
1905 1492
1905 1796
1905 1888
1906 1355
1906 1591
1906 1660
1906 1820
1907 1031
1907 1236
1907 1293
1907 1377
1907 1511
1907 1674
1908 433
1908 649
1908 1145
1908 1509
1908 1576
1908 1809
1909 987
1910 648
1910 892
1910 1262
1910 1733
1911 666
1911 1026
1911 1228
1911 1309
1911 1751
1912 700
1912 975
1912 1000
1912 1090
1912 1442
1912 1542
1912 1887
1912 1889
1913 1275
1913 1654
1914 604
1914 1038
1914 1045
1914 1540
1915 532
1915 1121
1915 1164
1915 1450
1915 1526
1915 1852
1915 1901
1916 523
1916 1221
1916 1305
1916 1459
1917 362
1917 497
1917 948
1917 1028
1917 1238
1917 1469
1917 1479
1917 1541
1917 1623
1918 488
1918 819
1918 1003
1918 1320
1918 1830
1919 76
1919 410
1919 606
1919 1395
1919 1472
1919 1550
1919 1740
1920 224
1920 498
1920 814
1920 1088
1920 1203
1920 1263
1920 1338
1920 1656
1921 1118
1921 1511
1921 1521
1921 1618
1922 1256
1922 1652
1922 1671
1922 1722
1922 1903
1923 362
1923 879
1923 1005
1923 1239
1923 1274
1923 1405
1923 1508
1923 1707
1923 1767
1923 1876
1924 675
1924 791
1924 902
1924 1099
1924 1481
1924 1763
1924 1802
1925 465
1925 776
1925 1151
1925 1794
1926 354
1926 1319
1926 1549
1926 1555
1926 1820
1926 1832
1926 1862
1927 1040
1927 1115
1927 1419
1927 1437
1927 1552
1928 781
1928 802
1928 1069
1928 1865
1928 1904
1929 1087
1929 1291
1929 1461
1929 1520
1929 1800
1930 562
1930 1037
1930 1087
1930 1643
1930 1865
1931 1219
1931 1381
1931 1718
1931 1743
1931 1750
1932 1299
1932 1373
1933 181
1933 308
1933 322
1933 1526
1934 452
1934 1086
1934 1739
1935 988
1935 1383
1935 1414
1935 1501
1935 1615
1935 1765
1936 282
1936 948
1936 1156
1936 1388
1936 1455
1936 1914
1937 1298
1937 1381
1937 1458
1937 1891
1938 828
1938 1137
1938 1203
1938 1360
1938 1405
1938 1526
1938 1527
1938 1846
1938 1905
1939 578
1939 1366
1940 307
1940 1133
1940 1204
1940 1578
1940 1825
1940 1885
1941 434
1941 842
1941 936
1941 1891
1942 408
1942 1025
1942 1079
1942 1118
1942 1158
1942 1552
1942 1558
1942 1687
1943 391
1943 694
1943 912
1943 974
1943 1194
1943 1203
1943 1211
1943 1222
1943 1940
1944 823
1944 1024
1944 1241
1944 1831
1944 1847
1945 369
1945 507
1945 930
1945 991
1945 1117
1945 1233
1945 1447
1946 387
1946 1372
1946 1383
1946 1567
1946 1806
1946 1862
1946 1939
1947 466
1947 594
1947 717
1947 1748
1947 1786
1947 1928
1948 287
1948 909
1948 921
1948 1247
1949 346
1949 1010
1949 1302
1949 1476
1949 1562
1949 1716
1950 1313
1950 1452
1951 1178
1951 1180
1951 1622
1952 230
1952 795
1952 1185
1952 1335
1952 1495
1952 1672
1952 1936
1953 776
1953 865
1953 1856
1954 364
1954 714
1954 1852
1955 911
1955 1869
1955 1928
1956 774
1956 1175
1956 1335
1956 1352
1956 1386
1956 1421
1956 1452
1956 1502
1956 1653
1956 1670
1956 1871
1956 1901
1957 735
1957 738
1957 1008
1957 1063
1958 1148
1958 1755
1958 1839
1958 1950
1959 699
1959 857
1959 932
1959 1856
1959 1940
1960 1035
1960 1275
1960 1295
1960 1929
1961 976
1961 1176
1961 1208
1961 1728
1962 359
1962 426
1962 476
1962 1006
1962 1253
1962 1457
1962 1823
1963 132
1963 538
1963 649
1963 1402
1964 446
1964 1533
1964 1578
1964 1635
1964 1636
1964 1911
1965 450
1965 720
1965 756
1965 1061
1965 1123
1965 1915
1966 676
1966 1050
1966 1238
1966 1449
1966 1675
1967 756
1967 1106
1967 1756
1967 1843
1967 1947
1968 621
1968 1057
1968 1306
1968 1406
1968 1526
1968 1900
1969 357
1969 754
1969 763
1969 999
1969 1025
1969 1052
1969 1274
1969 1432
1969 1692
1969 1760
1969 1802
1969 1828
1970 571
1970 1593
1970 1655
1970 1934
1970 1954
1971 1017
1971 1097
1971 1264
1971 1469
1971 1587
1971 1834
1972 1203
1972 1771
1973 604
1973 644
1973 1030
1973 1417
1973 1748
1974 469
1974 1736
1974 1917
1975 1202
1975 1351
1975 1609
1975 1763
1976 1874
1977 345
1977 626
1977 958
1977 1701
1977 1910
1978 331
1978 765
1978 1403
1978 1460
1978 1920
1979 312
1979 719
1979 925
1979 1428
1980 726
1980 860
1980 1211
1980 1264
1980 1338
1980 1341
1980 1538
1981 358
1981 761
1981 1244
1981 1508
1981 1608
1981 1768
1981 1791
1981 1809
1982 883
1982 980
1982 1714
1982 1811
1982 1824
1982 1960
1983 461
1983 653
1983 693
1983 1376
1983 1484
1983 1552
1983 1743
1983 1931
1984 351
1984 444
1984 646
1984 1252
1984 1688
1984 1706
1985 621
1985 847
1985 1018
1985 1405
1985 1614
1985 1622
1985 1651
1985 1755
1986 1125
1986 1712
1986 1846
1986 1874
1986 1915
1987 1119
1987 1404
1987 1470
1987 1878
1987 1929
1987 1965
1988 1194
1988 1390
1988 1446
1988 1600
1988 1614
1988 1729
1989 474
1989 928
1989 1109
1989 1493
1989 1530
1989 1548
1989 1795
1989 1817
1990 381
1990 1569
1990 1657
1990 1817
1991 515
1991 587
1991 1038
1991 1095
1991 1233
1991 1426
1991 1454
1991 1550
1991 1704
1992 513
1992 1239
1992 1459
1992 1548
1992 1955
1992 1973
1993 541
1993 961
1993 1105
1993 1275
1993 1873
1993 1966
1994 1498
1994 1516
1994 1945
1994 1991
1995 570
1995 829
1995 1358
1995 1524
1995 1691
1996 510
1996 889
1996 1251
1996 1625
1996 1790
1997 112
1997 652
1997 964
1997 1223
1997 1230
1997 1306
1997 1630
1997 1651
1997 1846
1998 633
1998 876
1998 932
1998 1777
1998 1893
1998 1902
1999 178
1999 643
1999 875
1999 1352
1999 1677
237 1487
504 1058
438 1798
