2000 10030
0 68
0 519
0 666
0 838
0 904
0 1148
0 1272
0 1280
0 1416
0 1729
0 1742
1 51
1 229
1 339
1 490
1 619
1 763
1 1606
1 1644
1 1806
1 1866
1 1899
1 1996
2 88
2 383
2 384
2 832
2 901
2 1045
2 1087
2 1310
2 1418
2 1526
2 1648
2 1694
2 1888
3 80
3 145
3 274
3 285
3 290
3 650
3 1184
3 1323
3 1875
3 1910
4 49
4 507
4 607
4 809
4 833
4 991
4 1262
4 1278
4 1863
4 1872
4 1985
5 468
5 710
5 1038
5 1140
5 1682
5 1795
5 1927
5 1993
6 40
6 452
6 888
6 1016
6 1219
6 1938
7 45
7 333
7 364
7 523
7 572
7 588
7 840
7 972
7 1326
7 1486
8 249
8 463
8 509
8 945
8 981
8 1012
8 1036
8 1085
8 1879
8 1994
9 71
9 202
9 376
9 446
9 531
9 552
9 649
9 896
9 1014
9 1244
9 1311
9 1405
9 1423
9 1424
9 1531
9 1634
9 1673
9 1916
9 1964
10 61
10 207
10 291
10 613
10 1425
10 1662
10 1814
11 815
11 938
11 1269
11 1443
11 1780
11 1933
12 91
12 340
12 829
12 972
12 1144
12 1691
13 243
13 313
13 594
13 756
13 971
13 1072
13 1199
13 1319
13 1352
13 1605
13 1704
13 1818
14 62
14 332
14 614
14 627
14 630
14 724
14 730
14 773
14 788
14 944
14 1014
15 180
15 308
15 470
15 611
15 936
15 1064
15 1146
15 1508
15 1662
15 1871
15 1880
16 738
16 820
16 1732
16 1912
17 444
17 531
17 941
17 1246
17 1575
17 1818
18 364
18 401
18 561
18 752
18 847
18 1182
18 1224
18 1300
18 1797
18 1843
18 1927
19 218
19 314
19 361
19 518
19 641
19 760
19 1126
19 1200
19 1413
19 1567
19 1725
19 1740
19 1827
19 1866
20 228
20 302
20 483
20 657
20 674
20 866
20 961
20 1053
20 1083
20 1165
20 1280
20 1456
20 1564
20 1579
20 1659
20 1955
21 83
21 424
21 990
21 1240
22 101
22 110
22 626
22 1069
22 1076
22 1083
22 1231
22 1395
22 1569
23 27
23 61
23 361
23 1088
23 1659
23 1926
23 1945
24 214
24 341
24 493
24 944
24 1515
24 1589
25 140
25 163
25 581
25 642
25 731
25 799
25 850
25 951
25 1027
25 1081
25 1316
25 1597
25 1695
25 1721
25 1898
26 53
26 635
26 1177
27 435
27 448
27 775
27 1376
27 1593
27 1938
28 196
28 713
28 742
28 1219
28 1525
28 1688
28 1820
28 1879
28 1902
29 142
29 1914
29 1940
30 168
30 187
30 273
30 285
30 628
30 681
30 915
30 1045
30 1922
31 407
31 602
31 924
31 1005
31 1745
31 1759
32 73
32 275
32 317
32 335
32 563
32 568
32 909
32 1003
32 1039
32 1063
32 1167
32 1303
32 1744
33 197
33 487
33 518
33 589
33 1025
33 1222
33 1241
33 1319
33 1369
33 1419
33 1477
33 1844
34 540
34 729
34 757
34 952
34 1350
34 1983
35 598
35 869
35 1106
35 1728
36 499
36 592
36 754
36 927
36 1117
36 1367
36 1460
36 1503
36 1781
36 1859
36 1946
37 412
37 420
37 514
37 1154
37 1556
37 1614
38 356
38 367
38 405
38 521
38 523
38 573
38 813
38 1156
38 1187
38 1242
38 1326
38 1427
38 1533
38 1767
38 1843
38 1929
38 1944
39 176
39 282
39 695
39 733
39 1141
39 1161
39 1208
39 1220
39 1553
39 1620
39 1748
40 54
40 141
40 272
40 1842
41 87
41 285
41 427
41 475
41 700
41 764
41 780
41 1082
41 1268
41 1278
41 1366
41 1420
41 1432
41 1579
41 1868
41 1923
42 130
42 744
42 770
42 976
42 980
42 1446
42 1619
42 1843
42 1924
43 100
43 201
43 243
43 325
43 450
43 583
43 961
43 1040
43 1215
43 1279
43 1296
43 1513
43 1737
44 199
44 763
44 1013
44 1245
44 1401
44 1517
44 1614
44 1993
45 119
45 282
45 393
45 562
45 845
45 1585
45 1630
45 1666
45 1879
46 309
46 837
46 934
46 986
46 1096
46 1710
46 1771
46 1833
46 1936
47 52
47 61
47 235
47 317
47 556
47 1103
47 1311
47 1715
47 1990
48 93
48 367
48 450
48 534
48 669
48 949
48 959
48 1090
48 1233
48 1256
48 1340
48 1608
48 1859
48 1864
49 223
49 693
49 837
49 1420
49 1483
49 1525
49 1747
50 86
50 133
50 434
50 464
50 468
50 493
50 594
50 738
50 832
50 1260
50 1930
51 89
51 661
51 715
51 1415
51 1539
51 1681
51 1757
51 1798
52 257
52 316
52 430
52 707
52 711
52 966
52 970
52 1039
52 1089
52 1090
52 1218
52 1297
52 1384
52 1394
52 1412
52 1644
52 1648
52 1953
53 114
53 608
53 646
53 1100
53 1201
53 1342
53 1449
53 1939
54 140
54 290
54 337
54 362
54 705
54 829
54 902
54 1049
54 1069
54 1238
54 1463
54 1540
55 655
55 1016
55 1962
56 140
56 166
56 182
56 194
56 202
56 214
56 811
56 925
56 996
56 1047
56 1239
56 1550
56 1895
56 1928
57 59
57 154
57 371
57 809
57 966
57 1047
57 1073
57 1608
57 1752
57 1798
57 1807
57 1905
57 1979
58 918
58 1529
58 1972
59 250
59 429
59 637
59 654
59 865
59 1148
59 1341
59 1822
59 1946
60 130
60 220
60 248
60 353
60 361
60 649
60 742
60 887
60 902
60 1060
60 1081
60 1103
60 1829
60 1888
60 1924
61 343
61 725
61 804
61 1382
61 1439
61 1546
61 1605
61 1658
61 1703
61 1713
62 386
62 407
62 499
62 1362
62 1470
62 1629
62 1749
63 903
63 1050
63 1381
63 1521
63 1614
63 1715
63 1803
63 1830
63 1959
63 1999
64 181
64 183
64 233
64 541
64 1484
64 1588
64 1687
65 381
65 493
65 749
65 908
65 927
65 971
65 974
65 1700
65 1812
65 1949
66 162
66 195
66 829
66 847
66 1179
66 1190
66 1330
66 1464
66 1554
66 1810
67 1776
67 1926
68 94
68 172
68 306
68 451
68 533
68 893
68 931
68 1425
68 1474
68 1552
69 744
69 856
69 1098
69 1137
69 1401
69 1690
69 1818
69 1822
70 212
70 319
70 328
70 370
70 500
70 502
70 511
70 782
70 932
70 1157
70 1337
70 1448
70 1496
70 1506
70 1603
70 1616
71 171
71 354
71 368
71 421
71 938
71 946
71 1026
71 1166
72 224
72 588
72 711
72 856
72 860
72 1057
72 1386
72 1709
72 1788
73 356
73 367
73 567
73 713
73 1100
73 1334
73 1906
74 100
74 165
74 414
74 582
74 649
74 856
74 893
74 971
74 1937
74 1950
75 246
75 287
75 447
75 982
75 1354
75 1674
75 1879
75 1964
76 1449
76 1646
76 1882
77 84
77 99
77 163
77 440
77 470
77 642
77 673
77 802
77 900
77 926
77 984
77 1180
77 1279
77 1765
78 154
78 182
78 638
78 688
78 1078
78 1083
78 1122
78 1133
78 1257
78 1265
78 1296
78 1400
78 1699
79 424
79 593
79 670
79 746
79 1297
79 1717
80 266
80 339
80 510
80 1230
80 1280
80 1364
80 1423
80 1843
80 1931
81 208
81 269
81 669
81 708
81 935
81 998
81 1165
81 1605
81 1637
82 355
82 504
82 607
82 781
82 911
82 1032
82 1091
82 1108
82 1205
82 1632
82 1691
82 1759
82 1769
82 1855
82 1937
82 1956
83 342
83 557
83 916
83 1151
83 1177
83 1237
83 1565
83 1634
83 1688
83 1701
83 1734
83 1818
84 376
84 463
84 864
85 208
85 426
85 502
85 873
85 957
85 976
85 1218
85 1540
85 1615
85 1667
85 1820
86 326
86 610
86 1007
86 1247
86 1331
86 1471
87 1119
88 271
88 499
88 571
88 835
88 1037
88 1622
88 1750
88 1763
89 174
89 305
89 416
89 682
89 747
89 886
89 1156
89 1384
89 1512
89 1586
89 1705
89 1756
89 1808
90 106
90 374
90 523
90 571
90 777
90 977
90 1337
90 1411
90 1613
90 1745
90 1756
90 1919
91 199
91 420
91 710
91 756
91 1162
91 1372
91 1504
91 1713
91 1716
91 1777
91 1940
92 105
92 710
92 1081
92 1213
92 1240
92 1389
92 1607
92 1683
92 1753
93 124
93 575
93 594
93 812
93 861
93 1069
93 1428
93 1499
93 1623
93 1677
93 1743
93 1789
93 1825
94 453
94 558
94 1150
94 1464
95 113
95 218
95 307
95 798
95 906
95 1558
95 1703
95 1811
96 365
96 585
96 1478
96 1576
97 219
97 242
97 556
97 638
97 710
97 764
97 950
97 1148
97 1182
97 1336
97 1379
97 1534
97 1552
98 369
98 1042
98 1231
98 1255
98 1484
98 1754
98 1997
99 726
99 893
99 1062
99 1333
99 1592
99 1761
99 1811
100 287
100 341
100 394
100 451
100 615
100 656
100 840
100 948
100 998
100 1004
100 1092
100 1163
100 1581
100 1588
100 1609
100 1805
100 1915
101 274
101 338
101 763
101 801
101 965
101 1403
101 1423
101 1457
101 1567
101 1570
101 1719
102 188
102 214
102 225
102 255
102 329
102 345
102 443
102 472
102 498
102 701
102 1041
102 1103
102 1154
102 1314
102 1351
102 1744
102 1799
103 228
103 432
103 1085
103 1104
103 1290
103 1295
103 1534
103 1740
104 175
104 322
104 357
104 393
104 401
104 1656
105 307
105 333
105 572
105 582
105 914
105 1083
105 1099
105 1108
105 1284
105 1384
105 1854
106 593
106 1212
106 1278
106 1453
106 1577
106 1820
106 1997
107 125
107 518
107 568
107 1656
107 1689
107 1741
107 1994
108 364
108 471
108 620
108 1028
108 1177
108 1668
108 1686
108 1851
109 223
109 311
109 348
109 557
109 794
109 828
109 829
109 1194
109 1267
109 1357
109 1797
109 1953
109 1984
110 430
110 501
110 643
110 761
110 809
110 1015
110 1045
110 1236
110 1372
110 1420
110 1432
110 1661
111 206
111 471
111 787
111 964
111 1431
111 1450
111 1473
111 1938
112 160
112 194
112 412
112 419
112 597
112 765
112 1926
113 162
113 166
113 328
113 347
113 650
113 661
113 1047
113 1164
113 1172
113 1221
113 1223
113 1240
113 1316
113 1656
113 1663
113 1674
113 1982
114 270
114 660
114 790
114 1067
114 1506
114 1973
115 310
115 795
115 805
115 927
115 937
115 1765
115 1859
115 1878
115 1988
116 191
116 801
116 827
116 1209
116 1315
116 1639
116 1953
117 404
117 536
117 563
117 626
117 631
117 1051
117 1487
118 258
118 326
118 633
118 784
118 1070
118 1420
118 1440
118 1580
118 1651
118 1771
118 1975
119 143
119 172
119 648
119 712
119 787
119 987
119 1109
119 1411
119 1485
119 1738
119 1748
119 1895
119 1966
120 124
120 136
120 208
120 1342
120 1443
120 1590
120 1680
120 1894
121 276
121 635
121 694
121 1134
121 1478
121 1725
121 1985
122 790
122 793
122 845
122 916
122 1732
122 1745
122 1814
122 1859
123 530
123 640
123 641
123 758
123 840
123 952
123 1155
123 1337
123 1638
123 1795
123 1813
124 92
124 276
124 547
124 685
124 1243
124 1409
124 1437
124 1865
125 232
125 377
125 420
125 1470
125 1560
125 1625
126 443
126 751
126 795
126 973
126 974
126 1077
126 1442
126 1885
126 1915
127 262
127 350
127 692
127 792
127 800
127 1000
127 1064
127 1150
127 1380
127 1511
128 363
128 380
128 447
128 467
128 495
128 614
128 717
128 750
128 852
128 1047
128 1068
128 1441
128 1510
128 1588
128 1775
128 1850
129 133
129 164
129 440
129 447
129 677
129 819
129 1399
129 1753
130 323
130 659
130 1032
130 1185
130 1271
130 1836
131 427
131 446
131 582
131 1031
131 1349
131 1412
131 1656
131 1695
131 1742
131 1749
131 1869
131 1971
132 546
132 1311
132 1456
132 1555
132 1682
133 206
133 463
133 556
133 1076
133 1454
133 1585
133 1627
134 461
134 476
134 791
134 833
134 900
134 925
134 1345
134 1509
134 1778
134 1856
134 1955
135 530
135 875
135 1268
135 1706
135 1742
136 151
136 184
136 256
136 453
136 724
136 774
136 862
136 1136
136 1251
136 1611
136 1620
136 1630
136 1850
136 1929
137 1336
137 1854
138 185
138 682
138 882
138 1267
138 1314
138 1523
138 1596
138 1679
138 1705
138 1795
138 1886
139 140
139 391
139 573
139 764
139 912
139 1297
139 1685
140 154
140 432
140 572
140 1057
140 1445
140 1716
140 1832
140 1885
141 301
141 504
141 511
141 524
141 623
141 657
141 829
141 938
141 984
141 1191
141 1479
141 1520
141 1693
141 1736
141 1774
142 533
142 630
142 871
142 968
142 1029
142 1085
142 1131
142 1166
142 1330
142 1515
142 1532
142 1636
142 1864
143 151
143 229
143 231
143 269
143 292
143 594
143 703
143 1022
143 1112
143 1219
143 1249
143 1545
143 1634
143 1719
143 1829
143 1831
144 368
144 734
144 913
144 1452
144 1485
144 1507
144 1832
144 1922
145 487
145 634
145 743
145 798
145 1009
145 1512
145 1743
145 1955
146 241
146 352
146 426
146 557
146 1390
146 1701
147 254
147 290
147 484
147 608
147 1738
148 201
148 263
148 282
148 534
148 611
148 629
148 794
148 834
148 838
148 1096
148 1723
148 1766
148 1815
149 908
150 299
150 1072
150 1182
150 1352
150 1424
150 1502
150 1542
150 1584
151 481
151 809
151 854
151 860
151 982
151 1005
151 1153
152 238
152 845
152 1003
152 1663
152 1693
153 232
153 424
153 613
153 984
153 1031
153 1301
153 1444
153 1953
154 287
154 431
154 686
155 254
155 292
155 430
155 556
155 680
155 995
155 1201
155 1394
155 1398
155 1406
155 1657
155 1733
156 221
156 246
156 536
156 690
156 1730
157 627
157 733
157 1089
157 1192
157 1433
157 1517
157 1638
157 1824
158 423
158 739
158 951
158 1384
158 1553
158 1715
158 1953
159 522
159 904
159 1048
159 1359
160 511
160 589
160 594
160 689
160 1259
160 1654
160 1688
161 696
161 721
161 1086
161 1173
161 1357
161 1581
161 1645
161 1829
162 483
162 674
162 892
162 956
162 1169
162 1242
162 1364
162 1627
162 1631
163 496
163 954
163 1172
163 1337
163 1658
163 1732
163 1772
163 1801
163 1940
163 1978
164 628
164 683
164 1092
164 1220
164 1221
164 1260
164 1454
164 1816
164 1838
164 1957
165 106
165 356
165 402
165 404
165 644
165 809
165 875
165 1087
165 1219
165 1613
165 1797
165 1864
165 1893
165 1944
166 230
166 592
166 1076
166 1205
166 1232
166 1445
166 1848
167 220
167 436
167 511
167 760
167 767
167 976
167 1095
167 1448
167 1514
167 1622
167 1714
167 1756
167 1857
168 205
168 400
168 420
168 761
168 829
168 1082
168 1188
168 1224
168 1237
168 1356
168 1443
168 1664
168 1805
168 1939
168 1941
169 317
169 669
169 903
169 906
169 920
169 1179
169 1228
169 1574
170 286
170 686
170 779
170 905
170 1307
170 1493
170 1816
171 173
171 292
171 410
171 456
171 540
171 753
171 769
171 1114
171 1486
171 1527
171 1690
172 884
172 1119
172 1243
172 1268
172 1553
173 221
173 456
173 666
173 941
173 1041
173 1109
173 1315
173 1435
173 1683
173 1765
174 601
174 744
174 985
174 1096
174 1322
174 1375
174 1410
175 262
175 482
175 486
175 543
175 570
175 760
175 958
175 997
175 1027
175 1032
175 1057
175 1339
175 1449
175 1457
175 1563
175 1587
175 1759
175 1808
175 1896
175 1930
175 1982
176 418
176 443
176 562
176 1021
176 1173
176 1302
176 1311
176 1633
176 1826
177 708
177 1522
177 1645
177 1851
178 211
178 464
178 906
178 953
178 1051
178 1081
178 1199
178 1467
178 1507
178 1591
178 1910
178 1913
179 399
179 490
179 745
179 746
179 912
179 1016
179 1428
179 1724
179 1725
180 209
180 969
180 1317
180 1488
180 1633
180 1909
181 376
181 1179
181 1459
181 1685
182 149
182 155
182 347
182 426
182 685
182 814
182 1424
182 1575
182 1651
182 1851
182 1978
183 309
183 410
183 550
183 934
183 1131
183 1143
183 1253
183 1373
183 1432
183 1835
183 1889
184 489
184 1212
184 1463
184 1851
185 402
185 701
185 792
185 803
185 1267
185 1624
185 1841
186 476
186 577
186 825
186 1221
186 1224
186 1337
186 1494
186 1585
187 362
187 556
187 634
187 739
187 909
187 963
187 969
187 1264
187 1359
187 1504
187 1622
188 506
188 558
188 599
188 884
188 895
188 916
188 1268
188 1360
188 1572
188 1757
188 1912
188 1959
189 409
189 413
189 595
189 1285
189 1430
189 1877
189 1925
190 837
190 1340
190 1565
190 1573
190 1841
190 1848
190 1946
190 1951
191 374
191 724
191 790
191 1562
191 1858
191 1965
192 437
192 647
192 870
192 909
192 992
192 1591
192 1646
192 1667
192 1672
192 1973
193 320
193 365
193 387
193 584
193 603
193 902
193 1021
193 1087
193 1091
193 1290
193 1927
194 144
194 491
194 594
194 882
194 1031
194 1060
194 1066
194 1315
194 1368
194 1376
194 1550
195 162
195 709
195 912
195 1025
195 1262
195 1504
195 1560
195 1662
195 1774
195 1935
196 460
196 556
196 657
196 1068
196 1202
196 1242
196 1539
196 1562
196 1727
196 1782
197 391
197 971
197 1123
197 1131
197 1353
197 1360
198 478
198 1188
198 1234
198 1269
198 1485
198 1809
198 1986
199 209
199 213
199 481
199 525
199 581
199 964
199 1105
199 1473
199 1606
199 1720
199 1817
199 1857
199 1871
199 1967
200 337
200 1186
200 1505
200 1994
201 796
201 840
201 870
201 1422
201 1493
201 1619
201 1728
201 1928
202 637
202 1099
203 355
203 1693
203 1709
203 1710
204 514
204 922
204 1071
204 1149
204 1375
204 1596
204 1615
204 1817
204 1950
205 352
205 378
205 587
205 829
205 999
205 1216
205 1434
205 1586
205 1941
206 1484
206 1569
207 246
207 682
207 937
207 1175
207 1435
207 1549
207 1738
207 1753
208 236
208 393
208 722
208 901
208 1182
208 1205
208 1704
208 1906
209 686
209 711
209 1265
209 1344
209 1648
210 711
210 841
210 879
210 1052
210 1288
210 1939
211 285
211 302
211 346
211 616
211 631
211 671
211 872
211 917
211 1270
211 1388
211 1435
211 1445
211 1446
211 1753
211 1850
211 1862
211 1963
211 1966
212 363
212 489
212 1320
212 1322
212 1498
212 1557
212 1558
212 1679
212 1725
212 1889
213 258
213 374
213 386
213 394
213 477
213 560
213 863
213 1039
213 1066
213 1218
213 1470
213 1579
213 1642
213 1755
214 303
214 1211
214 1559
214 1644
214 1666
214 1787
214 1985
215 393
215 528
215 808
215 920
215 1205
215 1504
215 1533
215 1997
216 618
216 697
216 813
216 1142
216 1377
216 1762
217 731
217 881
217 1289
217 1292
217 1444
217 1497
218 296
218 652
218 1003
218 1388
218 1425
218 1539
218 1577
218 1745
218 1806
218 1918
218 1922
218 1924
219 608
219 666
219 826
219 1540
219 1968
220 261
220 525
220 639
220 757
220 893
220 905
220 920
220 925
220 1696
220 1788
220 1834
220 1985
221 655
221 1078
221 1634
221 1728
221 1985
222 401
222 648
222 667
222 1010
222 1030
222 1366
222 1416
222 1478
222 1654
222 1988
223 302
223 461
223 574
223 628
223 1077
223 1543
224 656
224 772
224 1102
224 1160
224 1199
224 1377
224 1460
224 1566
224 1928
225 327
225 455
225 718
225 920
225 1134
225 1273
225 1324
225 1341
225 1382
225 1470
225 1599
225 1744
225 1756
225 1960
226 59
226 292
226 305
226 372
226 405
226 644
226 900
226 957
226 1236
226 1704
227 591
227 602
227 724
227 1430
227 1551
228 1356
228 1372
228 1768
229 246
229 345
229 400
229 554
229 840
229 1162
229 1316
229 1857
229 1868
230 581
230 1037
230 1071
230 1151
230 1382
230 1509
230 1525
230 1899
230 1982
231 389
231 430
231 650
231 725
231 814
231 897
231 941
231 1017
231 1088
231 1093
231 1384
232 430
232 459
232 486
232 494
232 502
232 607
232 634
232 1212
232 1433
232 1881
232 1909
232 1918
232 1950
233 928
233 1043
233 1071
233 1286
234 770
234 1186
234 1391
234 1574
234 1759
234 1892
234 1914
235 322
235 396
235 911
235 1521
235 1847
236 251
236 856
236 1274
236 1356
237 261
237 823
237 1303
237 1498
238 287
238 1446
238 1923
238 1966
239 694
239 1006
239 1390
239 1543
239 1833
240 928
240 1515
240 1585
240 1682
240 1728
240 1761
241 305
241 383
241 582
241 680
241 689
241 819
241 1032
241 1551
241 1634
241 1675
241 1860
242 258
242 261
242 433
242 470
242 498
242 595
242 815
242 845
242 909
242 1130
242 1146
242 1449
242 1526
242 1679
242 1699
242 1808
243 130
243 239
243 586
243 1051
243 1193
243 1264
243 1282
243 1290
243 1458
243 1688
243 1843
244 928
244 1389
244 1846
245 251
245 325
245 372
245 905
245 910
245 1002
245 1405
245 1624
245 1696
245 1770
246 357
246 441
246 730
246 760
246 1286
246 1324
246 1343
247 609
247 686
247 815
247 1159
247 1354
247 1600
247 1672
247 1751
248 259
248 572
248 589
248 824
248 855
248 1242
248 1258
248 1299
248 1609
248 1821
248 1943
249 437
249 826
249 1080
249 1207
249 1350
249 1845
249 1892
250 465
250 522
250 573
250 855
250 1091
250 1178
250 1918
251 760
251 1189
251 1437
251 1761
251 1825
252 266
252 292
252 765
252 1365
253 416
253 863
253 1322
253 1375
253 1520
253 1652
253 1927
254 273
254 306
254 389
254 715
254 1398
254 1693
255 283
255 594
255 746
255 1500
255 1725
255 1733
255 1756
255 1879
256 169
256 500
256 601
256 619
256 977
256 1360
256 1612
257 197
257 455
257 790
257 842
257 1016
257 1250
257 1832
258 407
258 530
258 653
258 802
258 861
258 1323
258 1459
258 1696
258 1724
258 1739
258 1747
258 1772
259 278
259 595
259 747
259 801
259 811
259 1366
259 1897
260 740
260 922
260 1112
260 1182
260 1759
260 1844
261 604
261 638
261 678
261 680
261 775
261 993
261 996
261 1120
261 1257
262 395
262 746
262 810
262 986
262 1173
262 1203
262 1303
262 1306
262 1579
262 1771
262 1795
262 1882
262 1914
263 304
263 511
263 518
263 626
263 908
263 1020
263 1052
263 1093
263 1146
263 1428
263 1577
264 349
264 492
264 734
264 834
264 1001
264 1272
264 1456
264 1845
265 1046
265 1152
265 1234
265 1292
265 1548
266 484
266 779
266 864
266 934
266 1245
267 527
267 633
267 812
267 824
267 958
267 1081
267 1644
267 1648
268 750
268 755
268 834
268 895
268 1264
268 1769
268 1866
269 311
269 651
269 971
269 1045
269 1149
269 1223
269 1269
269 1309
269 1317
269 1371
269 1605
269 1938
270 171
270 327
270 410
270 518
270 557
270 1146
270 1310
270 1351
270 1698
270 1816
271 321
271 432
271 451
271 620
271 1035
271 1134
271 1418
271 1676
272 353
272 473
272 498
272 567
272 898
272 1191
272 1336
272 1555
272 1917
273 691
273 694
273 839
273 1383
273 1864
274 595
274 712
274 730
274 869
274 901
274 1635
274 1920
274 1996
275 499
275 639
275 769
275 970
275 1130
275 1278
275 1289
275 1537
275 1575
276 398
276 819
276 994
276 1072
276 1171
276 1482
276 1972
277 450
277 473
277 756
277 758
277 866
277 870
277 888
277 1004
277 1099
277 1305
277 1335
277 1369
277 1436
277 1510
278 347
278 438
278 519
278 549
278 888
278 911
278 1064
278 1204
278 1393
278 1627
278 1650
278 1770
278 1781
278 1864
278 1906
279 401
279 587
279 643
279 877
279 1072
279 1106
279 1341
279 1440
279 1657
279 1664
280 499
280 742
280 794
280 991
281 596
281 907
281 1189
281 1501
281 1623
281 1989
282 344
282 366
282 394
282 430
282 648
282 813
282 842
282 1059
282 1111
282 1138
282 1139
282 1496
282 1552
282 1754
282 1896
283 471
283 838
283 959
283 1261
283 1580
283 1636
283 1647
283 1820
283 1923
284 1135
284 1321
284 1748
285 628
285 918
285 1083
286 272
286 716
286 1160
286 1630
286 1743
287 310
287 348
287 1030
287 1065
287 1105
287 1120
287 1131
287 1261
287 1359
287 1381
287 1394
287 1467
287 1519
287 1591
287 1718
287 1725
287 1983
288 195
288 299
288 304
288 436
288 483
288 710
288 1490
288 1527
288 1568
289 560
289 775
289 1320
289 1322
289 1821
289 1886
290 27
290 776
290 928
290 1273
290 1282
290 1346
290 1376
290 1860
290 1909
290 1948
291 604
291 846
291 1286
291 1577
291 1837
291 1895
291 1963
292 568
292 739
292 771
292 831
292 1210
292 1467
293 665
293 717
293 1116
293 1705
293 1747
293 1767
294 467
294 791
294 1205
294 1269
294 1479
294 1676
294 1918
294 1961
295 590
295 771
295 1236
295 1263
295 1319
295 1510
295 1607
295 1923
296 344
296 390
296 1435
297 337
297 657
297 1109
297 1196
297 1246
297 1745
297 1987
298 518
298 855
298 1212
298 1324
298 1581
298 1674
298 1820
299 322
299 519
299 618
299 802
299 1008
299 1185
299 1232
299 1482
299 1782
300 427
300 621
300 805
300 824
300 890
300 1395
300 1702
300 1738
300 1861
300 1867
301 632
301 698
301 796
301 829
301 930
301 1158
301 1303
301 1305
301 1326
301 1362
301 1382
301 1705
301 1806
301 1820
301 1859
301 1882
301 1897
301 1948
302 338
302 381
302 400
302 1176
302 1363
302 1515
302 1619
302 1662
303 89
303 385
303 438
303 489
303 696
303 756
303 1503
303 1678
303 1889
303 1953
304 371
304 636
304 655
304 698
304 713
304 816
304 841
304 1128
304 1153
304 1462
304 1472
305 515
305 677
305 919
305 1190
305 1432
305 1474
305 1703
306 932
306 963
306 994
306 1066
306 1164
306 1332
306 1604
306 1710
306 1856
307 651
307 1128
307 1439
307 1806
307 1829
308 316
308 394
308 550
308 1325
309 323
309 408
309 418
309 427
309 834
309 894
309 1052
309 1390
309 1470
309 1558
309 1656
309 1714
309 1958
310 592
310 601
310 936
310 945
310 1198
310 1485
310 1671
310 1714
311 740
311 1336
311 1586
311 1816
312 680
312 1251
312 1418
312 1837
313 206
313 670
313 999
314 193
314 394
314 751
314 883
314 894
314 981
314 1051
314 1113
314 1581
314 1932
314 1962
315 356
315 847
315 854
315 888
315 1514
315 1570
315 1678
315 1913
315 1919
315 1997
316 321
316 342
316 357
316 448
316 951
316 1117
316 1528
316 1629
316 1650
316 1658
316 1717
317 342
317 465
317 498
317 631
317 705
317 876
317 1093
317 1214
317 1335
317 1371
317 1894
318 455
318 474
318 683
318 1253
318 1595
318 1652
318 1831
319 604
319 704
319 750
319 798
319 814
319 920
319 1314
319 1546
320 782
320 1315
320 1346
320 1481
320 1837
321 470
321 487
321 707
321 1031
321 1064
321 1102
321 1147
321 1571
321 1757
321 1990
322 455
322 675
322 697
322 731
322 776
322 780
322 1025
322 1035
322 1554
322 1641
322 1821
322 1982
323 425
323 610
323 748
323 899
323 1072
323 1177
323 1427
323 1504
324 344
324 347
324 397
324 530
324 759
324 955
324 1203
324 1419
324 1431
324 1449
324 1634
324 1684
324 1765
324 1806
325 1032
325 1067
325 1120
325 1290
325 1316
325 1360
326 481
326 573
326 575
326 772
326 1351
326 1557
326 1844
327 656
327 796
327 1163
327 1789
327 1914
327 1953
328 591
328 730
328 787
328 819
328 1443
328 1533
328 1578
328 1771
328 1776
329 1006
329 1116
329 1239
329 1277
329 1363
329 1391
329 1609
330 373
330 480
330 1367
330 1531
330 1662
331 701
331 1109
331 1320
331 1403
331 1443
332 307
332 547
332 671
332 1171
332 1421
332 1705
332 1741
332 1796
332 1825
333 617
333 676
333 1064
334 1168
334 1496
335 475
335 1132
335 1230
335 1657
335 1720
335 1724
335 1757
335 1854
335 1904
335 1920
336 581
336 622
336 887
336 1687
336 1808
336 1850
337 769
337 1059
337 1512
337 1753
337 1883
338 502
338 782
338 809
338 824
338 861
338 865
338 1010
338 1552
338 1666
338 1736
338 1759
338 1767
338 1872
338 1883
339 77
339 451
339 905
339 916
339 1075
339 1380
339 1619
339 1779
340 470
340 574
340 641
340 734
340 1649
340 1860
340 1942
341 542
341 694
341 823
341 874
341 913
341 1020
341 1072
341 1146
341 1272
341 1497
342 421
342 469
342 832
342 1016
342 1074
342 1077
342 1110
342 1296
342 1518
342 1805
343 476
343 645
343 659
343 839
343 899
343 1111
343 1517
343 1529
343 1595
343 1682
343 1756
343 1936
344 778
344 1296
344 1444
344 1697
344 1939
345 527
345 601
345 634
345 1105
345 1122
345 1143
345 1177
345 1447
345 1651
345 1689
345 1793
345 1819
346 972
346 1905
347 516
347 695
347 911
347 912
347 1320
347 1890
348 1205
348 1684
348 1955
349 454
349 532
349 761
349 1086
349 1290
349 1770
350 317
350 438
350 489
350 526
350 713
350 799
350 913
350 1350
350 1383
350 1744
350 1804
351 495
351 960
351 1106
351 1203
351 1283
351 1468
351 1508
351 1563
351 1733
352 639
352 838
352 1333
352 1536
352 1655
352 1984
353 398
353 433
353 454
353 756
353 1272
353 1298
353 1416
353 1459
353 1513
353 1656
353 1935
354 489
354 689
354 911
354 1019
354 1379
354 1534
355 521
355 841
355 958
355 993
355 1044
355 1098
355 1421
356 432
357 508
357 559
357 747
357 771
357 1044
357 1207
357 1285
357 1941
358 656
358 662
358 734
358 839
358 1386
358 1708
358 1743
358 1781
358 1891
358 1893
359 962
359 1339
359 1379
359 1474
359 1515
359 1550
359 1736
360 403
360 554
360 1876
360 1982
361 625
361 640
361 836
361 1028
361 1031
361 1268
361 1412
362 309
362 446
362 506
362 694
362 779
362 927
362 1142
362 1312
362 1319
362 1326
362 1340
362 1584
362 1600
363 434
363 768
363 796
363 797
363 815
363 1313
363 1407
363 1427
363 1580
363 1907
363 1957
364 468
364 563
364 612
364 911
365 402
365 533
365 1218
365 1313
365 1390
365 1464
365 1467
365 1788
365 1823
365 1957
366 169
366 1034
366 1304
366 1900
366 1916
367 579
367 663
367 702
367 1056
367 1092
367 1254
367 1400
367 1478
367 1514
367 1515
367 1858
368 665
368 1183
368 1243
368 1288
368 1909
368 1997
369 1074
369 1351
369 1538
369 1815
370 302
370 856
370 1195
370 1694
370 1734
370 1756
370 1920
371 375
371 622
371 1036
371 1723
371 1732
372 305
372 580
372 793
372 945
372 1018
372 1388
372 1475
372 1690
372 1783
373 615
373 912
373 987
373 1125
373 1647
373 1702
373 1895
373 1903
374 836
374 921
374 1029
374 1046
374 1142
374 1701
375 532
375 703
375 850
375 1216
375 1289
375 1470
375 1483
375 1670
375 1698
375 1711
375 1754
375 1768
376 903
376 1001
376 1617
376 1785
377 193
377 509
377 852
377 910
377 1439
377 1498
377 1861
377 1898
378 510
378 845
378 1193
378 1417
379 1435
379 1504
379 1569
380 388
380 462
380 463
380 472
380 500
380 643
380 658
380 693
380 799
380 902
380 1166
380 1203
380 1212
380 1244
380 1392
380 1614
380 1724
380 1904
381 622
381 644
381 899
381 1778
381 1823
382 536
382 715
382 791
382 907
382 1079
382 1422
382 1706
382 1750
382 1939
382 1955
383 450
383 492
383 543
383 751
383 976
383 1811
384 376
384 527
384 605
384 794
384 935
384 1115
384 1293
384 1304
384 1405
384 1467
384 1727
384 1825
384 1925
385 386
385 392
385 586
385 927
385 972
385 1067
385 1446
386 206
386 834
386 920
386 986
387 1242
387 1282
387 1285
387 1371
387 1485
387 1573
388 968
388 1983
389 668
389 888
389 1009
389 1425
389 1485
389 1973
390 518
390 687
390 1290
390 1500
391 797
391 1047
391 1227
391 1257
391 1571
392 631
392 640
392 1168
392 1738
392 1947
392 1997
393 423
393 872
393 894
393 1624
393 1692
393 1765
393 1795
394 388
394 1575
394 1756
394 1896
395 952
395 1078
395 1117
395 1393
395 1412
395 1654
395 1789
395 1931
396 421
396 493
396 674
396 895
396 1528
396 1754
396 1841
396 1951
397 504
397 695
397 768
397 1195
397 1276
397 1967
397 1997
398 271
398 1129
398 1239
398 1394
398 1717
398 1832
399 469
399 675
399 856
399 1068
399 1397
399 1473
399 1792
400 422
400 524
400 774
401 242
401 900
401 1061
401 1430
401 1595
401 1640
401 1673
401 1741
401 1889
402 413
402 495
402 617
402 620
402 718
402 721
402 1002
402 1041
402 1256
403 464
403 646
403 791
403 991
403 1085
403 1473
403 1685
403 1802
403 1920
404 517
404 607
404 641
404 731
404 799
404 847
404 876
404 905
404 1040
404 1233
404 1265
404 1367
404 1375
404 1497
404 1573
404 1634
404 1723
405 255
405 501
405 1205
405 1528
405 1724
405 1887
405 1922
406 898
406 1281
406 1381
406 1648
407 134
407 481
407 1356
407 1395
407 1583
407 1613
407 1650
408 536
408 805
408 848
408 868
408 985
408 1245
408 1477
410 730
410 832
410 900
410 926
410 929
410 1044
410 1226
410 1876
410 1956
410 1972
411 945
411 1431
411 1774
411 1996
412 370
412 421
412 677
412 737
412 1026
412 1146
412 1427
412 1713
412 1784
412 1830
413 814
413 914
413 1287
413 1615
414 446
414 636
414 672
414 936
414 1171
414 1230
414 1477
414 1973
415 363
415 682
415 826
415 829
415 956
415 1043
415 1288
415 1812
415 1949
415 1995
416 312
416 546
416 577
416 600
416 878
416 1307
416 1492
416 1988
417 173
417 448
417 565
417 657
417 990
417 1024
417 1347
417 1514
417 1667
417 1833
417 1851
417 1920
417 1934
418 589
418 802
418 940
418 1070
418 1324
418 1736
419 436
419 1327
419 1727
419 1775
419 1992
420 516
420 531
420 804
420 1365
420 1790
421 299
421 520
421 552
421 678
421 723
421 781
421 989
421 1205
421 1609
421 1797
421 1845
421 1949
422 431
422 581
422 919
422 1300
422 1464
422 1683
422 1714
422 1783
422 1798
423 725
423 916
423 1320
423 1468
423 1617
423 1799
424 192
424 658
424 832
424 897
424 995
424 1060
424 1206
424 1227
424 1286
424 1617
425 739
425 794
425 1177
425 1237
425 1480
425 1578
425 1802
425 1837
426 674
426 685
426 798
426 934
426 1386
426 1473
427 285
427 302
427 1176
427 1405
427 1945
427 1954
427 1983
428 1397
428 1434
428 1719
428 1870
429 505
429 679
429 807
429 902
429 1063
429 1067
429 1350
429 1690
429 1692
430 770
430 1104
431 287
431 651
431 773
431 800
431 915
431 972
431 1199
431 1455
431 1755
431 1760
431 1939
431 1947
431 1962
432 440
432 1173
432 1595
432 1688
432 1714
433 473
433 494
433 631
433 669
433 689
433 695
433 730
433 786
433 886
433 919
433 1359
433 1616
433 1661
433 1860
434 764
434 1080
434 1389
434 1494
435 528
435 951
435 1226
435 1293
435 1355
435 1610
435 1964
436 1162
436 1783
436 1963
437 280
437 339
437 482
437 511
437 773
437 909
437 1266
437 1422
437 1783
438 615
438 681
438 932
438 1327
438 1651
438 1783
438 1987
439 608
439 755
439 790
439 856
439 923
439 1199
439 1363
439 1508
439 1579
439 1619
439 1760
439 1925
439 1976
440 778
440 882
440 979
440 998
440 1095
440 1146
440 1223
440 1240
440 1431
441 357
441 654
441 833
441 855
441 949
441 988
441 1074
442 449
442 535
442 594
442 755
442 919
442 1285
442 1394
442 1668
442 1703
442 1713
442 1716
442 1919
443 357
443 1851
443 1879
444 1394
445 673
445 834
445 882
445 991
445 1253
445 1389
446 853
446 1407
446 1523
446 1634
446 1698
446 1892
447 249
447 626
447 1110
447 1203
447 1262
447 1666
448 1740
449 436
449 547
449 551
449 633
449 1189
449 1759
449 1887
450 1948
451 951
451 1971
452 917
452 1200
452 1527
452 1814
452 1844
452 1964
453 659
453 728
453 1151
453 1453
453 1523
453 1896
454 917
454 1843
454 1963
454 1986
455 694
455 832
455 1154
455 1159
455 1432
455 1487
455 1761
455 1867
456 630
456 657
456 1606
456 1666
456 1990
457 221
457 410
457 611
457 630
457 666
457 711
457 794
457 969
457 1193
457 1289
457 1326
457 1469
458 153
458 793
458 1202
458 1272
458 1279
458 1385
458 1484
458 1533
458 1736
458 1939
458 1954
459 567
459 757
459 881
459 1053
459 1075
459 1172
459 1925
460 226
460 826
460 955
461 527
461 540
461 616
461 984
461 1767
462 596
462 1115
462 1205
462 1304
462 1544
463 488
463 669
463 754
463 1129
463 1149
463 1299
463 1313
463 1351
463 1616
463 1833
463 1900
463 1960
464 939
464 1114
464 1365
464 1449
464 1518
464 1838
464 1877
464 1996
465 902
465 1001
465 1329
465 1736
465 1923
465 1933
466 835
466 878
466 1017
466 1670
466 1747
467 534
467 937
467 1011
467 1086
467 1443
468 103
468 1053
468 1106
468 1285
468 1340
468 1427
468 1730
468 1750
469 1107
469 1828
469 1959
470 754
470 1136
470 1310
470 1884
470 1915
470 1969
471 533
471 1375
471 1511
471 1600
472 844
472 1568
472 1587
472 1915
473 536
473 566
473 739
473 891
473 1201
473 1684
473 1826
473 1858
474 733
474 833
474 988
474 1175
474 1968
475 949
476 461
476 1409
476 1869
477 136
477 869
477 1264
477 1281
477 1309
477 1573
477 1626
477 1761
478 540
478 833
478 862
478 905
478 998
478 1315
478 1324
478 1418
478 1430
478 1731
479 538
479 544
479 588
479 741
479 770
479 899
479 1135
479 1287
479 1402
479 1672
479 1815
480 373
480 623
480 780
480 863
480 1452
481 855
481 989
481 1294
481 1325
481 1436
481 1472
481 1964
482 471
482 626
482 1172
483 710
483 1007
483 1556
483 1646
484 493
484 679
484 747
484 824
484 1094
484 1102
484 1407
484 1547
484 1838
484 1842
484 1901
484 1943
485 527
485 582
485 1399
485 1655
485 1903
486 904
486 990
486 991
486 1318
487 794
487 903
487 932
487 1033
487 1724
487 1870
487 1957
488 561
488 672
488 687
488 735
488 845
488 885
488 1231
488 1311
488 1503
488 1552
488 1656
488 1693
489 919
489 1014
489 1511
489 1590
490 1163
490 1778
491 253
491 756
491 826
491 834
491 1391
491 1430
491 1671
491 1791
491 1989
492 866
492 1097
492 1258
492 1916
493 600
493 612
493 975
493 1043
493 1432
493 1575
493 1747
493 1816
494 626
494 665
494 712
494 868
494 1053
494 1310
494 1435
495 341
495 400
495 403
495 670
495 799
495 853
495 1300
495 1474
495 1565
495 1658
496 483
496 1168
496 1417
497 529
497 546
497 841
497 1185
497 1278
497 1599
498 59
498 914
498 963
498 1201
498 1214
498 1252
498 1342
498 1401
498 1435
498 1438
498 1699
498 1853
499 818
499 1212
499 1549
499 1904
500 604
500 737
500 1178
500 1270
500 1461
500 1724
500 1981
501 590
501 594
501 680
501 748
501 1884
502 663
502 1021
502 1228
502 1598
502 1659
502 1908
503 251
503 707
503 1097
503 1169
503 1544
503 1881
503 1923
504 623
504 682
504 923
504 1000
504 1070
504 1437
504 1518
504 1534
505 1267
505 1526
505 1971
505 1977
506 533
506 620
506 921
506 989
506 1076
506 1100
506 1307
506 1375
506 1665
506 1731
506 1923
508 927
508 931
508 1245
508 1295
508 1483
508 1497
508 1654
509 919
509 1269
510 246
510 929
510 1095
510 1431
510 1532
510 1698
510 1839
511 66
511 482
511 790
511 807
511 987
511 1026
511 1313
511 1367
511 1828
512 743
512 1281
512 1367
512 1455
512 1705
513 545
513 1188
513 1267
513 1649
513 1717
513 1877
514 678
514 1272
514 1281
514 1762
515 605
515 707
515 1314
515 1524
515 1706
515 1927
516 971
516 1020
516 1215
517 188
517 286
517 936
517 1379
517 1430
517 1675
517 1849
517 1885
518 841
518 844
518 940
518 1264
518 1636
518 1742
518 1841
519 600
519 753
519 831
519 913
519 1148
519 1603
519 1699
520 619
520 708
520 782
520 994
520 1089
520 1117
520 1506
520 1566
520 1610
521 536
522 470
522 745
522 1024
522 1044
522 1112
522 1136
522 1330
522 1469
523 364
523 591
523 638
523 794
523 1091
523 1266
523 1454
523 1922
524 130
524 593
524 608
524 628
524 743
524 767
524 853
524 963
524 1133
524 1248
524 1628
524 1657
524 1968
525 566
525 667
525 943
525 1595
525 1611
525 1768
525 1811
525 1868
526 228
526 770
526 795
526 916
526 946
526 1104
526 1520
526 1784
526 1892
526 1951
527 502
527 1278
527 1338
527 1705
528 1077
528 1576
528 1846
529 646
529 887
529 893
529 1250
529 1966
530 297
530 407
530 977
530 1018
530 1025
530 1182
530 1262
530 1485
531 780
531 1008
531 1256
531 1401
532 313
532 666
532 906
532 947
532 1435
532 1549
532 1600
532 1720
532 1753
532 1759
532 1813
532 1815
533 886
533 1218
533 1398
533 1627
533 1710
533 1722
533 1975
534 950
534 1126
534 1260
534 1720
535 587
535 625
535 925
535 991
535 1643
535 1928
536 221
536 319
536 652
536 899
536 963
536 973
536 1558
537 195
537 345
537 763
537 883
537 1174
538 1285
538 1366
538 1721
538 1788
538 1831
539 552
539 626
539 639
539 719
539 972
539 973
539 1126
539 1390
539 1908
539 1997
540 133
540 235
540 1323
541 1237
541 1411
541 1812
541 1917
542 642
542 1164
542 1382
542 1634
542 1981
543 769
543 791
543 919
543 940
543 952
543 975
543 1497
543 1573
543 1699
543 1776
543 1915
543 1959
544 506
544 813
544 849
544 1090
544 1791
544 1925
545 890
545 1013
545 1300
545 1683
545 1817
546 594
546 804
546 1071
546 1647
547 367
547 657
547 946
547 1041
547 1168
547 1953
548 625
548 738
548 933
548 995
548 1025
548 1427
548 1433
548 1590
548 1598
548 1610
548 1935
548 1947
549 1408
550 365
550 644
550 1389
550 1693
550 1793
550 1968
551 499
551 720
551 1284
551 1332
551 1576
551 1617
551 1739
551 1806
552 665
552 1253
552 1626
552 1970
553 500
553 777
553 882
553 1467
553 1814
554 403
554 661
554 991
554 1696
554 1777
554 1849
554 1929
555 559
555 705
555 759
555 1292
555 1478
555 1665
555 1760
555 1833
556 639
556 719
556 917
556 1016
556 1737
556 1815
557 563
557 1291
557 1362
557 1642
557 1962
558 659
559 776
559 998
559 1286
559 1968
559 1988
560 732
560 991
560 1023
560 1131
560 1464
560 1495
560 1531
561 899
561 1263
561 1411
561 1929
562 486
562 796
562 934
562 1607
562 1718
562 1853
562 1857
562 1920
563 499
563 677
563 1467
563 1588
563 1642
563 1693
564 947
564 1082
564 1153
565 1073
565 1325
565 1651
566 1106
566 1151
566 1902
567 353
567 578
568 1079
568 1492
568 1542
568 1568
568 1985
569 996
569 1049
569 1082
569 1175
569 1291
569 1591
569 1903
569 1919
570 410
570 431
570 680
570 854
570 940
570 945
570 1369
570 1420
570 1663
570 1987
571 1389
572 1487
572 1598
572 1659
572 1742
573 521
573 913
573 933
573 1339
573 1693
573 1936
574 663
574 1291
574 1322
575 790
575 972
575 1375
575 1956
576 920
576 971
576 1367
577 656
577 1036
577 1088
577 1213
577 1398
577 1645
577 1734
577 1943
578 669
578 791
578 1012
578 1288
578 1622
579 607
579 818
579 898
579 1288
579 1364
579 1709
579 1811
579 1856
579 1870
579 1989
580 890
580 1151
580 1617
580 1640
581 494
581 683
581 891
581 1267
581 1531
581 1571
581 1619
581 1819
582 636
582 863
582 1071
582 1346
582 1769
583 307
583 660
583 800
584 1580
585 595
585 1534
585 1771
586 729
586 792
586 847
586 1085
586 1424
586 1639
586 1728
587 1042
587 1111
587 1536
588 521
588 917
588 1146
588 1158
588 1291
588 1420
588 1495
589 1016
589 1032
589 1140
589 1426
589 1612
590 596
590 702
590 779
590 1028
590 1148
590 1263
590 1348
590 1554
590 1928
592 521
592 895
592 930
592 1024
592 1132
593 1000
593 1504
594 339
595 719
595 985
595 1129
595 1530
595 1811
595 1926
595 1937
595 1949
595 1993
596 632
596 654
596 671
596 1020
596 1370
596 1745
596 1884
596 1902
596 1942
597 612
597 799
597 904
597 968
597 1546
597 1901
598 869
598 1250
598 1251
599 780
599 916
599 971
599 1664
599 1700
600 1041
600 1086
600 1910
601 495
601 1174
601 1610
601 1920
601 1993
602 738
602 815
602 939
602 954
602 1070
602 1322
602 1398
602 1572
602 1668
602 1687
603 514
603 619
603 631
603 696
604 1223
604 1398
605 690
605 825
605 1144
605 1600
605 1821
606 610
606 1191
606 1212
606 1362
606 1442
606 1487
607 768
607 1352
608 500
608 640
608 1160
609 610
609 990
609 1026
609 1346
610 594
610 615
610 1192
610 1517
610 1738
610 1848
611 849
611 1717
611 1847
611 1993
612 919
612 946
612 1313
612 1490
612 1496
612 1777
613 1032
613 1742
614 363
614 679
614 876
614 927
614 1373
614 1465
614 1498
614 1682
614 1830
615 594
615 1117
615 1619
615 1661
615 1933
617 708
617 795
617 999
617 1037
617 1410
617 1559
617 1645
617 1671
617 1733
618 322
618 499
618 1502
618 1696
619 627
619 713
619 1146
619 1156
619 1387
619 1778
620 578
620 934
620 964
620 1037
620 1170
620 1338
620 1351
620 1378
620 1466
620 1560
620 1584
620 1723
621 273
621 767
621 894
621 944
621 1058
621 1252
621 1378
621 1434
622 907
622 1360
622 1420
622 1533
622 1549
623 831
623 1599
623 1853
623 1965
624 928
624 1466
625 688
625 854
625 951
625 1450
625 1598
625 1767
626 1027
626 1611
626 1767
626 1791
627 868
627 1134
627 1160
627 1221
627 1566
627 1576
627 1775
627 1849
627 1873
628 638
628 1296
628 1458
628 1476
628 1923
629 736
629 1119
629 1487
629 1521
629 1919
630 679
630 696
630 805
630 1220
630 1377
630 1926
630 1976
631 992
631 1081
631 1153
631 1219
631 1495
631 1550
631 1664
631 1834
632 1133
633 638
633 1650
634 389
634 754
634 783
634 1267
634 1347
635 214
635 1505
636 865
636 975
636 1667
636 1680
636 1762
636 1880
636 1967
637 481
637 592
637 1273
637 1503
637 1964
638 133
638 659
638 861
638 1616
638 1776
638 1817
639 883
639 1041
639 1897
640 269
640 1192
640 1222
640 1225
640 1622
640 1749
640 1815
641 385
641 691
641 766
641 1122
641 1471
641 1572
641 1729
641 1736
642 895
642 1157
642 1193
642 1542
642 1584
642 1625
642 1930
643 1406
643 1461
644 934
644 986
644 1058
644 1606
644 1700
645 467
646 673
646 906
646 1233
646 1301
646 1528
646 1593
646 1618
646 1866
647 664
647 999
647 1173
647 1386
647 1904
648 552
648 770
648 841
648 953
648 1471
648 1675
649 308
649 743
649 895
649 1425
649 1490
649 1589
649 1790
649 1961
650 352
650 1444
650 1648
651 729
651 917
651 1482
651 1595
651 1649
651 1820
651 1890
652 671
652 787
652 791
652 1062
652 1424
652 1586
652 1699
652 1946
653 698
653 872
653 1571
654 370
654 502
654 637
654 748
654 800
654 927
654 1001
654 1099
654 1277
654 1374
654 1566
654 1692
654 1770
654 1772
655 811
655 1315
655 1575
655 1584
655 1737
655 1758
657 301
657 496
657 1589
657 1869
657 1911
657 1937
658 426
658 660
658 805
658 1737
658 1777
658 1998
659 574
659 589
659 1411
660 665
660 683
661 513
661 817
661 1690
662 1947
663 742
663 988
663 1061
663 1447
663 1554
663 1777
663 1902
663 1940
664 943
664 957
664 1173
664 1198
664 1527
664 1919
665 1574
665 1698
665 1968
666 992
666 1346
666 1465
668 679
668 871
668 878
668 1049
668 1051
668 1755
668 1864
669 952
669 1362
669 1483
669 1785
669 1881
669 1937
670 870
670 1557
670 1627
671 824
672 957
672 1290
672 1395
672 1714
673 1168
673 1347
673 1425
673 1481
673 1539
673 1674
673 1922
674 1361
675 1238
675 1645
676 1016
676 1071
676 1078
676 1191
676 1275
676 1363
676 1448
676 1724
676 1750
676 1805
676 1889
676 1896
677 1235
677 1407
677 1648
678 477
678 823
678 882
678 917
678 1732
679 717
679 913
679 1130
679 1148
679 1249
679 1882
680 1548
680 1620
681 1098
681 1235
681 1449
681 1806
681 1925
682 507
682 854
682 1626
683 703
683 1141
683 1552
683 1618
684 759
684 910
684 1122
684 1250
684 1756
684 1989
685 539
685 994
685 1103
685 1305
685 1548
685 1637
685 1892
686 744
686 855
686 875
686 889
686 1073
686 1625
686 1954
687 496
687 1161
687 1472
687 1855
688 939
688 1145
688 1233
688 1975
689 799
689 1342
689 1437
689 1546
689 1547
689 1586
689 1778
689 1835
690 939
690 1807
691 287
691 1075
692 819
692 1173
692 1524
692 1663
693 525
693 658
693 1210
693 1327
693 1328
694 850
694 902
694 1178
694 1331
694 1486
695 66
695 1207
695 1614
695 1958
696 757
696 788
696 836
696 967
696 1089
696 1142
696 1444
696 1549
696 1703
696 1906
696 1979
697 776
697 825
697 1169
698 636
698 1749
698 1986
699 1587
699 1834
699 1923
700 572
700 580
700 801
700 988
700 1019
701 207
701 756
701 1718
702 344
702 584
702 793
702 1136
702 1611
702 1679
702 1779
702 1972
703 697
703 1337
703 1673
704 341
704 778
704 885
704 1004
704 1029
704 1240
704 1957
705 481
705 498
705 1061
705 1730
705 1792
706 981
706 982
706 1113
706 1142
706 1349
706 1393
706 1419
706 1427
706 1447
706 1470
706 1504
707 430
707 638
707 721
707 776
707 926
708 657
708 722
708 723
708 781
708 1203
708 1641
709 964
709 1479
709 1644
710 468
710 574
710 985
710 1006
711 439
711 1329
711 1507
711 1642
712 480
712 563
712 879
712 994
712 1021
712 1239
712 1339
712 1401
712 1503
712 1522
712 1582
712 1874
712 1976
713 503
713 747
713 831
713 923
713 1856
713 1862
714 1660
714 1995
715 1942
716 1972
717 762
717 1282
717 1526
718 592
718 742
718 1018
719 815
719 1251
719 1508
719 1911
720 816
720 1303
720 1560
720 1770
720 1887
721 413
721 744
721 1064
721 1197
721 1492
721 1518
721 1550
721 1620
721 1758
722 872
722 963
722 1467
722 1564
722 1653
722 1722
722 1783
722 1860
723 648
723 1138
723 1876
724 997
724 1309
724 1408
724 1620
724 1912
725 430
725 1072
725 1242
726 1034
726 1117
726 1331
726 1383
726 1616
726 1808
726 1888
726 1889
727 532
727 1367
727 1834
728 621
728 1213
729 1091
729 1429
730 537
730 1703
731 655
731 893
731 1106
731 1724
731 1744
731 1866
732 856
732 948
732 1021
732 1338
732 1610
733 850
733 949
733 1822
734 574
734 674
734 711
734 767
734 871
734 1514
734 1713
735 1246
736 850
736 953
736 1109
736 1324
736 1423
736 1745
736 1942
737 754
737 1536
737 1766
738 1092
738 1097
738 1544
739 976
739 1128
739 1158
739 1648
740 640
740 1198
740 1344
741 424
741 1225
741 1418
741 1877
741 1959
742 1292
742 1683
742 1948
742 1965
743 400
743 1223
743 1548
743 1617
743 1655
744 198
744 211
744 1111
744 1295
745 540
745 1989
746 736
746 775
746 943
746 1202
746 1517
746 1717
746 1800
747 606
747 783
747 1128
747 1200
747 1232
748 797
748 1152
748 1337
748 1728
748 1779
748 1855
748 1879
749 503
749 894
750 1254
750 1310
750 1381
750 1407
750 1425
750 1826
750 1925
750 1931
751 229
751 1002
751 1294
752 74
752 975
752 1099
752 1121
752 1237
752 1559
753 901
753 1013
753 1047
753 1236
753 1287
753 1547
753 1926
754 982
754 1658
755 1214
755 1297
755 1382
755 1809
755 1947
756 227
756 1758
757 679
757 1316
757 1970
757 1981
758 450
758 1150
758 1598
759 383
759 1220
759 1401
759 1520
759 1686
759 1823
760 1422
760 1447
760 1479
760 1780
760 1912
761 1189
761 1673
762 1162
762 1587
763 371
763 447
763 1133
764 1006
764 1024
764 1158
764 1173
764 1188
765 266
766 843
766 997
766 1063
766 1565
766 1680
767 1047
767 1280
767 1428
767 1439
767 1582
767 1599
767 1678
768 941
768 1044
768 1937
769 1360
769 1439
770 666
770 869
770 1262
770 1269
770 1515
770 1671
770 1951
771 896
771 1256
771 1439
771 1666
771 1843
771 1849
771 1881
771 1911
772 1651
773 743
773 1046
773 1048
773 1104
773 1485
773 1601
773 1735
773 1785
774 386
774 651
774 1177
774 1253
774 1609
774 1947
775 1057
776 173
776 427
776 782
776 959
776 1132
776 1531
776 1724
776 1789
777 589
777 1221
777 1488
777 1667
778 1031
779 292
779 759
779 1063
779 1397
779 1943
780 1605
781 609
781 722
781 1218
781 1300
782 1401
782 1433
782 1461
782 1480
782 1523
782 1701
782 1703
782 1798
783 799
783 844
783 968
783 1264
783 1515
783 1594
783 1985
784 829
784 1972
785 1411
785 1412
785 1942
786 1034
786 1947
786 1997
787 1955
788 456
788 791
788 1097
788 1588
789 1348
789 1728
790 578
790 600
790 1061
790 1618
790 1625
791 646
791 723
791 1052
791 1139
791 1793
792 861
792 1087
793 1067
793 1107
793 1245
793 1538
794 464
794 1130
794 1266
794 1354
794 1367
795 638
795 1084
795 1297
795 1472
795 1504
795 1752
795 1764
795 1864
795 1939
796 547
796 698
796 879
796 1077
796 1100
796 1145
796 1741
796 1824
797 1200
797 1715
798 1168
798 1570
798 1882
799 564
799 650
799 795
799 955
799 985
799 1279
799 1442
799 1675
800 588
800 933
800 1155
800 1165
800 1688
801 556
801 1204
801 1530
801 1538
802 330
802 618
802 956
802 1043
803 773
803 825
803 1194
803 1392
803 1460
803 1897
804 377
804 943
804 986
804 1099
804 1520
804 1633
804 1910
805 536
805 1579
805 1826
806 1241
806 1396
806 1783
806 1808
807 557
807 1114
808 499
809 202
809 806
809 1133
809 1216
809 1961
810 743
810 958
810 1028
810 1101
810 1276
810 1323
810 1386
810 1494
810 1761
811 843
811 976
811 1510
811 1639
811 1724
811 1830
812 805
812 1089
812 1240
812 1777
812 1785
812 1910
813 381
813 573
813 1102
813 1512
814 581
814 1648
814 1796
814 1931
815 1091
815 1850
815 1866
815 1870
815 1920
816 729
816 1600
817 515
817 924
817 1283
817 1421
817 1514
817 1824
818 808
818 1029
818 1733
819 1576
819 1767
819 1825
820 517
820 1104
820 1842
820 1863
821 830
821 1359
821 1372
821 1764
822 963
822 1000
822 1109
822 1170
822 1591
822 1705
822 1954
823 837
823 1252
823 1682
823 1801
823 1988
824 955
824 986
824 1559
824 1874
825 986
825 1725
825 1810
826 1596
827 1271
827 1847
829 809
829 837
829 892
829 1353
829 1365
829 1512
829 1971
830 877
830 1182
830 1438
830 1448
831 871
831 1385
831 1514
831 1846
832 538
832 1105
832 1157
832 1695
832 1854
833 452
833 715
833 785
833 1808
833 1900
834 844
834 1490
834 1915
835 422
835 986
835 1180
836 793
836 1055
836 1593
837 890
837 1700
837 1708
838 263
838 935
838 1876
839 940
839 1169
839 1207
839 1346
839 1572
839 1603
840 1135
840 1337
840 1366
840 1527
840 1785
840 1923
840 1998
841 1362
841 1558
841 1693
842 493
842 1046
842 1745
842 1870
842 1970
843 965
843 1483
844 1528
844 1612
845 261
845 937
845 1211
846 544
846 1170
846 1333
846 1832
847 708
847 1096
847 1108
848 1199
848 1802
848 1972
849 858
849 997
849 1293
849 1548
849 1855
851 398
851 966
851 1038
851 1145
851 1206
851 1496
851 1529
852 626
852 1533
852 1895
853 608
853 980
853 1079
853 1099
853 1131
853 1274
853 1396
853 1979
854 629
854 1233
854 1239
854 1285
854 1311
854 1352
854 1510
854 1818
854 1925
855 93
855 665
855 824
855 1429
855 1484
855 1753
856 165
856 677
856 971
856 1283
856 1476
856 1497
856 1577
856 1990
857 832
857 1005
857 1997
858 1021
858 1339
858 1543
858 1984
859 1682
859 1786
860 892
860 968
860 1083
860 1116
860 1712
860 1914
860 1996
861 1097
861 1970
862 536
862 1094
862 1402
862 1573
863 864
863 872
863 889
863 1390
863 1625
863 1708
863 1996
864 789
864 1088
864 1404
864 1916
865 691
865 1751
865 1861
865 1866
865 1933
866 1173
866 1205
866 1343
866 1414
866 1546
866 1927
867 1339
867 1746
867 1770
868 1576
868 1602
868 1806
869 824
869 1036
869 1340
869 1446
869 1493
870 1113
871 1281
871 1812
871 1835
871 1921
872 755
872 864
872 1118
872 1129
873 451
873 1731
874 702
874 1039
874 1202
874 1281
874 1302
876 323
876 406
876 496
876 909
876 977
876 1086
876 1461
876 1595
878 782
878 1634
878 1874
879 562
879 984
879 1078
879 1147
879 1456
879 1727
879 1776
880 1276
880 1510
881 715
881 812
881 1003
881 1218
881 1591
882 744
882 769
882 823
882 984
882 995
882 1199
882 1203
882 1234
882 1594
882 1810
883 962
883 1006
883 1283
883 1497
883 1982
884 755
884 1019
884 1748
885 53
885 1145
885 1199
885 1484
885 1568
886 1192
886 1322
886 1413
886 1452
887 567
888 346
888 595
888 1676
889 905
889 1081
890 872
890 1171
890 1915
891 341
891 436
892 1061
893 1509
893 1631
894 394
894 759
894 1154
894 1230
894 1339
895 768
895 985
896 1024
896 1358
896 1651
897 599
897 924
897 1098
897 1446
897 1501
898 841
898 1094
898 1650
898 1832
899 269
899 345
899 1037
899 1600
900 452
900 659
900 805
900 1866
900 1950
901 114
901 859
901 1045
901 1077
901 1472
901 1629
901 1812
901 1854
902 449
902 724
902 1203
902 1498
903 411
903 1418
903 1426
903 1922
903 1937
904 748
904 869
904 959
904 1293
904 1385
904 1832
904 1834
905 423
905 722
905 1071
905 1829
906 113
906 1522
906 1566
906 1819
906 1981
907 377
907 686
908 703
908 805
908 1020
908 1036
908 1046
908 1592
909 394
909 483
909 852
909 1532
909 1540
909 1763
910 146
910 1998
911 322
911 781
911 903
911 1051
911 1429
911 1705
912 556
913 1536
913 1695
913 1717
914 175
914 399
914 825
915 1028
915 1365
915 1704
916 354
916 1125
916 1149
916 1586
916 1931
917 817
917 1346
917 1709
917 1990
918 1547
918 1795
918 1812
918 1994
919 1027
919 1168
919 1412
920 364
920 478
920 669
920 725
920 1369
920 1399
920 1908
921 908
922 1205
922 1381
922 1625
923 941
923 1079
923 1140
923 1238
923 1497
923 1811
924 249
924 1138
924 1175
924 1503
924 1738
925 194
925 261
925 1265
925 1626
926 84
926 306
926 634
926 1270
926 1878
926 1955
926 1959
927 249
927 817
927 1338
927 1368
927 1398
927 1486
928 313
928 484
928 498
928 923
928 996
928 1232
928 1459
930 677
930 1949
931 828
931 1129
931 1765
932 486
932 1869
933 1442
934 375
934 410
934 674
934 1704
934 1784
934 1803
934 1863
934 1888
935 595
935 1073
935 1241
935 1383
935 1463
935 1712
936 231
936 1254
936 1625
937 939
937 1239
937 1322
937 1740
938 433
938 670
938 1493
938 1526
938 1599
938 1633
939 888
939 1002
939 1114
939 1217
939 1290
939 1893
939 1913
939 1934
940 915
941 1283
941 1724
941 1953
942 70
942 557
942 1092
942 1839
943 1013
943 1277
943 1642
943 1708
944 1042
944 1355
944 1592
944 1919
945 612
945 910
945 1253
946 1275
946 1568
947 1372
947 1558
948 1216
948 1593
949 967
949 1071
949 1140
949 1774
949 1869
950 1082
950 1373
950 1432
951 1251
951 1553
951 1676
952 256
952 494
952 791
952 1112
952 1698
953 996
954 413
954 1001
954 1074
954 1761
955 1275
955 1368
956 717
956 834
956 1032
956 1760
956 1872
957 709
957 1394
957 1552
957 1835
957 1927
958 916
958 1126
958 1466
959 724
959 1240
959 1248
959 1463
959 1592
960 162
960 640
960 1170
960 1248
960 1337
960 1548
960 1565
960 1954
961 1488
961 1530
961 1602
961 1817
962 500
962 1019
962 1126
962 1363
962 1369
962 1403
962 1832
963 90
963 948
963 1402
963 1604
964 1472
964 1627
965 394
966 392
966 492
966 825
966 1185
966 1480
966 1939
967 904
967 1637
967 1977
969 711
969 1479
969 1750
970 416
970 684
970 973
970 1473
970 1888
971 332
971 758
971 930
971 1088
971 1240
971 1333
972 392
972 1489
972 1498
972 1565
972 1656
973 317
973 328
973 761
974 989
974 1065
974 1562
975 751
975 1667
976 1270
976 1620
976 1858
977 307
977 1391
977 1499
977 1970
978 1083
978 1109
978 1163
978 1587
978 1615
978 1699
979 1101
979 1767
980 1190
980 1359
980 1421
980 1814
981 1438
981 1679
981 1858
982 889
982 1156
982 1780
983 835
984 940
984 1120
984 1490
984 1529
984 1748
984 1793
986 572
986 722
986 1406
986 1569
987 1082
987 1140
987 1462
987 1770
987 1868
989 1718
990 715
990 896
990 999
990 1262
990 1313
990 1791
991 132
992 380
992 678
992 998
992 1096
992 1112
992 1199
992 1683
992 1848
992 1870
993 473
993 779
993 983
993 1935
994 154
994 782
994 1585
995 371
995 404
995 1349
995 1352
995 1496
996 558
996 877
996 1103
996 1417
996 1745
996 1941
997 573
997 822
997 945
998 918
998 1257
998 1864
999 221
999 599
999 1212
1000 903
1000 1215
1000 1827
1001 356
1001 1261
1001 1274
1001 1627
1001 1902
1002 819
1002 910
1003 494
1003 1080
1003 1198
1003 1292
1004 1033
1004 1501
1005 1399
1005 1698
1006 611
1006 758
1006 981
1007 479
1007 1730
1007 1769
1008 564
1008 791
1008 1131
1008 1620
1008 1789
1009 123
1009 951
1010 865
1010 1029
1010 1495
1010 1748
1011 525
1011 1064
1011 1258
1011 1933
1012 414
1012 453
1012 762
1012 791
1012 1343
1013 140
1013 727
1013 765
1013 1420
1013 1809
1014 614
1014 918
1014 1173
1014 1568
1014 1711
1014 1872
1014 1995
1016 110
1016 1150
1017 941
1018 945
1018 1151
1018 1168
1018 1198
1018 1234
1018 1272
1018 1442
1018 1486
1019 804
1019 1188
1019 1212
1019 1245
1019 1596
1020 809
1021 946
1021 1006
1021 1015
1021 1048
1021 1238
1021 1421
1022 1118
1022 1150
1022 1497
1023 238
1023 1632
1023 1701
1025 721
1025 1840
1026 938
1026 1098
1026 1295
1026 1309
1026 1377
1026 1598
1027 798
1027 1962
1028 425
1028 779
1028 1096
1028 1239
1028 1240
1028 1473
1028 1542
1028 1647
1029 276
1029 465
1029 931
1029 1442
1029 1583
1029 1800
1029 1909
1029 1953
1030 348
1030 466
1030 1411
1030 1435
1030 1461
1030 1505
1030 1530
1031 1256
1031 1409
1031 1809
1032 608
1032 688
1032 1016
1032 1059
1032 1198
1032 1745
1032 1846
1033 76
1033 946
1033 1220
1033 1521
1033 1948
1034 832
1034 1242
1034 1283
1034 1522
1035 643
1036 1254
1036 1298
1036 1453
1036 1896
1037 655
1037 785
1037 993
1037 1077
1037 1170
1037 1321
1037 1486
1037 1612
1037 1877
1038 1042
1039 939
1039 1197
1039 1287
1039 1349
1039 1443
1039 1531
1040 449
1040 1665
1040 1822
1041 883
1041 921
1041 1766
1042 1161
1042 1250
1042 1453
1043 388
1043 1396
1043 1766
1044 614
1044 891
1044 1352
1044 1922
1045 804
1045 1102
1045 1442
1045 1516
1046 1014
1046 1055
1047 990
1047 1213
1047 1453
1047 1721
1049 662
1049 919
1049 955
1049 1196
1049 1266
1049 1441
1049 1838
1050 1045
1050 1391
1050 1509
1050 1531
1050 1740
1050 1939
1051 998
1051 1221
1051 1252
1051 1471
1051 1883
1052 376
1052 1209
1052 1724
1052 1789
1052 1859
1052 1964
1053 961
1053 1512
1053 1726
1053 1996
1054 1433
1055 680
1055 890
1055 1273
1055 1341
1055 1576
1055 1799
1055 1993
1056 679
1056 1197
1056 1770
1056 1779
1057 687
1057 1424
1057 1519
1058 1489
1058 1534
1059 1888
1060 844
1060 1062
1060 1139
1060 1421
1060 1851
1061 208
1061 1516
1061 1630
1062 1008
1062 1551
1062 1701
1062 1868
1063 492
1063 533
1064 233
1064 733
1064 956
1064 1049
1064 1870
1064 1899
1064 1958
1065 649
1065 945
1065 989
1066 640
1066 1039
1066 1082
1066 1240
1066 1259
1066 1617
1066 1673
1066 1787
1066 1905
1067 252
1067 906
1067 1097
1067 1302
1067 1340
1067 1341
1067 1624
1067 1735
1068 591
1068 733
1068 761
1068 1192
1068 1679
1069 797
1069 892
1069 1149
1069 1189
1069 1645
1069 1932
1070 623
1070 802
1070 1942
1071 794
1071 898
1071 948
1071 1006
1071 1090
1071 1500
1071 1800
1072 398
1072 610
1072 804
1072 966
1072 1132
1073 327
1073 387
1073 1504
1074 439
1074 898
1074 1351
1074 1731
1075 1015
1076 911
1076 970
1076 1073
1076 1510
1076 1530
1076 1630
1076 1849
1076 1862
1077 459
1077 1305
1077 1443
1077 1489
1077 1709
1078 994
1078 1223
1078 1235
1079 999
1079 1016
1079 1302
1079 1984
1080 693
1080 824
1080 1050
1080 1296
1081 327
1081 626
1081 629
1081 1283
1081 1315
1081 1963
1082 559
1082 956
1082 1130
1082 1288
1082 1393
1083 1030
1083 1226
1083 1374
1083 1417
1084 905
1084 983
1084 1118
1084 1486
1084 1509
1084 1871
1084 1872
1085 239
1085 834
1085 1260
1085 1403
1085 1432
1085 1533
1086 502
1086 992
1087 1098
1087 1819
1088 236
1088 361
1088 1237
1088 1313
1088 1816
1089 257
1089 1652
1090 1572
1091 638
1091 680
1091 840
1091 971
1091 1618
1093 1197
1093 1245
1094 996
1094 1080
1095 1053
1095 1172
1095 1252
1095 1329
1095 1552
1095 1625
1095 1741
1095 1946
1096 855
1096 1286
1096 1341
1096 1370
1096 1702
1097 848
1097 971
1097 1151
1097 1353
1098 983
1098 1376
1098 1802
1098 1828
1099 559
1099 1245
1099 1295
1099 1350
1099 1556
1099 1860
1100 894
1100 910
1100 1077
1101 849
1101 1429
1101 1492
1101 1850
1102 1000
1102 1003
1102 1234
1102 1442
1103 379
1104 955
1104 1398
1105 1645
1105 1979
1106 812
1106 877
1106 964
1106 975
1106 1003
1107 1512
1107 1666
1108 1210
1108 1630
1108 1660
1108 1886
1108 1977
1109 1083
1109 1230
1109 1399
1111 489
1111 731
1111 1040
1111 1326
1111 1918
1112 684
1112 1490
1112 1611
1112 1634
1112 1854
1113 739
1113 973
1113 1229
1113 1484
1114 600
1114 986
1114 1684
1114 1733
1115 906
1115 1188
1116 1267
1116 1470
1116 1565
1117 499
1117 529
1117 685
1117 1263
1117 1390
1117 1520
1117 1696
1118 339
1118 817
1118 1458
1118 1571
1119 1353
1119 1439
1120 1400
1120 1727
1120 1789
1121 642
1121 843
1121 1583
1122 1035
1122 1412
1122 1425
1124 1544
1125 874
1125 968
1125 1516
1125 1732
1125 1847
1126 1125
1126 1373
1126 1422
1126 1641
1126 1881
1126 1910
1127 557
1127 605
1127 1488
1128 346
1128 734
1128 771
1128 1102
1128 1137
1128 1455
1128 1624
1128 1828
1128 1968
1128 1990
1129 397
1129 527
1129 1034
1129 1204
1129 1411
1130 892
1130 1236
1130 1773
1130 1802
1131 715
1131 1062
1131 1257
1131 1933
1132 502
1132 774
1132 1105
1132 1235
1132 1526
1132 1748
1133 990
1133 1098
1133 1533
1133 1633
1133 1655
1134 1053
1135 922
1136 826
1136 1047
1136 1679
1137 1199
1138 370
1138 1178
1139 775
1139 1032
1139 1303
1139 1511
1139 1724
1139 1916
1139 1945
1140 807
1140 1226
1140 1293
1140 1593
1141 523
1141 1284
1141 1416
1141 1478
1141 1546
1142 977
1142 1160
1142 1901
1143 1105
1144 1053
1146 696
1146 746
1146 764
1146 1608
1146 1751
1146 1836
1147 389
1147 437
1148 950
1148 985
1148 1035
1148 1063
1148 1713
1149 1098
1149 1172
1149 1330
1149 1424
1149 1554
1149 1704
1149 1818
1149 1823
1150 496
1150 836
1150 1354
1150 1894
1151 456
1151 620
1151 926
1151 1029
1151 1071
1151 1134
1151 1699
1152 667
1152 672
1152 944
1152 1029
1152 1429
1152 1638
1153 559
1153 947
1153 1426
1153 1755
1153 1776
1154 110
1154 1450
1155 1109
1155 1307
1155 1405
1155 1407
1155 1970
1156 367
1156 1085
1157 580
1157 708
1158 1051
1158 1090
1158 1776
1158 1875
1159 694
1159 1239
1159 1824
1159 1879
1160 615
1160 761
1160 1562
1160 1591
1160 1867
1161 479
1161 533
1161 967
1161 1141
1162 1525
1162 1631
1162 1762
1162 1962
1163 893
1163 1032
1163 1318
1163 1400
1163 1593
1163 1657
1164 632
1164 1105
1165 715
1165 946
1165 1291
1166 1034
1166 1563
1167 1039
1167 1111
1168 576
1168 579
1168 870
1168 1064
1168 1172
1168 1530
1169 646
1169 935
1169 1446
1169 1469
1170 1218
1171 975
1171 1087
1172 508
1172 784
1172 918
1172 1120
1173 718
1173 943
1173 1408
1173 1969
1173 1988
1174 779
1174 863
1174 1299
1174 1303
1174 1504
1174 1510
1174 1820
1175 682
1175 1560
1175 1638
1175 1815
1177 795
1177 1328
1177 1726
1178 610
1178 677
1178 997
1179 505
1180 1255
1181 689
1181 1521
1181 1943
1182 633
1182 910
1182 1018
1182 1485
1182 1518
1183 951
1183 1033
1183 1622
1184 871
1184 1002
1184 1506
1185 1857
1186 966
1186 1121
1186 1795
1186 1991
1187 1233
1187 1599
1188 1502
1188 1511
1188 1777
1189 994
1189 1207
1189 1480
1190 1179
1191 726
1191 727
1191 1180
1191 1187
1191 1228
1191 1276
1192 262
1192 1328
1192 1630
1193 1161
1194 837
1194 1287
1195 285
1195 855
1195 972
1195 1011
1195 1444
1195 1519
1195 1531
1196 534
1196 764
1196 790
1196 804
1196 1256
1196 1371
1196 1562
1196 1576
1197 1522
1197 1861
1198 773
1198 1072
1198 1250
1198 1704
1199 1081
1200 866
1200 999
1200 1212
1200 1445
1200 1719
1201 283
1202 793
1202 1076
1202 1493
1202 1602
1202 1867
1203 439
1203 1679
1204 639
1204 1102
1204 1715
1205 582
1205 642
1205 691
1205 1010
1205 1264
1206 944
1206 1118
1206 1752
1206 1859
1206 1955
1207 395
1208 342
1208 935
1208 1760
1209 1579
1211 986
1211 1632
1212 436
1212 742
1212 772
1212 1188
1212 1519
1213 1767
1214 819
1214 1391
1214 1559
1214 1642
1215 325
1215 626
1215 1697
1217 911
1217 1182
1217 1405
1217 1807
1218 867
1218 1039
1218 1081
1219 1118
1219 1178
1219 1180
1219 1527
1220 1087
1220 1955
1221 650
1221 905
1221 1197
1221 1609
1221 1793
1222 686
1222 790
1222 1215
1222 1236
1222 1451
1222 1628
1222 1828
1222 1921
1223 279
1224 808
1224 940
1224 1172
1225 417
1225 871
1225 1234
1226 423
1226 1375
1226 1636
1227 1478
1227 1504
1227 1602
1227 1669
1227 1994
1228 1794
1229 1145
1229 1248
1229 1278
1229 1289
1229 1640
1230 330
1230 1061
1230 1133
1230 1154
1230 1200
1230 1384
1231 796
1231 912
1232 1430
1232 1663
1232 1867
1233 746
1233 801
1233 999
1233 1363
1234 392
1234 913
1234 1347
1234 1427
1234 1898
1235 1019
1237 588
1237 829
1237 1141
1237 1214
1237 1395
1238 570
1238 782
1239 1113
1239 1365
1239 1703
1239 1878
1239 1964
1240 996
1241 1037
1241 1168
1241 1416
1242 657
1243 547
1244 694
1244 1582
1244 1793
1245 429
1245 716
1245 864
1245 996
1246 337
1246 1501
1247 877
1247 1633
1247 1989
1248 790
1248 1604
1249 1039
1249 1094
1250 888
1250 1220
1250 1485
1251 151
1251 1756
1252 105
1252 319
1252 634
1252 640
1252 833
1252 847
1252 1890
1253 561
1253 660
1254 346
1254 1115
1254 1857
1255 799
1255 1580
1256 617
1256 1167
1256 1362
1256 1378
1256 1787
1257 1116
1257 1205
1257 1682
1257 1979
1258 556
1258 992
1258 1581
1258 1817
1259 739
1259 1018
1259 1255
1259 1999
1260 879
1261 1763
1261 1970
1262 524
1262 1902
1263 803
1263 897
1263 1192
1263 1606
1264 446
1264 892
1264 943
1265 1140
1265 1888
1266 905
1266 1395
1266 1964
1267 348
1267 736
1267 882
1267 1240
1268 699
1268 876
1268 902
1268 1950
1269 627
1269 1218
1269 1346
1269 1816
1270 1111
1270 1282
1270 1748
1271 862
1272 375
1272 829
1272 982
1272 1064
1272 1880
1273 1127
1274 965
1274 1161
1275 413
1275 814
1275 1011
1275 1071
1275 1131
1275 1336
1275 1339
1275 1619
1275 1773
1275 1887
1276 1126
1277 392
1277 647
1277 1043
1277 1424
1277 1533
1277 1813
1277 1866
1278 954
1279 638
1279 1140
1279 1507
1280 519
1280 679
1280 832
1282 543
1282 925
1282 1109
1282 1993
1283 514
1283 1126
1283 1341
1283 1457
1283 1589
1283 1590
1283 1743
1284 393
1284 991
1284 1552
1285 544
1285 946
1285 1134
1286 572
1287 895
1287 1159
1287 1173
1288 1826
1288 1838
1288 1984
1289 1093
1289 1127
1289 1130
1289 1248
1290 365
1290 758
1290 1391
1290 1972
1291 563
1291 714
1291 978
1292 304
1292 878
1292 922
1293 573
1293 955
1293 1201
1294 439
1294 1113
1294 1129
1294 1331
1295 262
1296 638
1296 741
1296 1480
1296 1698
1296 1853
1298 454
1298 973
1298 1056
1298 1704
1299 1206
1299 1744
1299 1813
1299 1868
1300 512
1300 1226
1301 792
1301 1168
1301 1267
1301 1541
1301 1561
1302 638
1303 477
1303 1061
1303 1109
1303 1154
1303 1553
1303 1924
1305 1122
1305 1450
1306 563
1307 741
1307 1032
1307 1243
1308 1303
1308 1532
1308 1933
1309 264
1309 1149
1310 626
1310 1093
1311 791
1311 1210
1311 1302
1311 1728
1311 1894
1312 816
1312 1007
1312 1083
1312 1813
1313 596
1313 967
1314 568
1314 699
1314 967
1315 581
1315 892
1315 1278
1316 346
1317 853
1317 1367
1317 1505
1317 1634
1318 884
1319 1976
1320 809
1320 1228
1321 621
1321 1148
1321 1427
1321 1947
1322 985
1322 1111
1322 1239
1322 1688
1322 1886
1322 1926
1323 1052
1323 1101
1323 1223
1324 630
1324 1162
1324 1191
1324 1339
1325 646
1325 717
1325 1024
1325 1076
1326 423
1326 1094
1326 1676
1326 1801
1327 920
1327 1299
1327 1313
1327 1445
1327 1648
1328 191
1328 1924
1329 783
1329 861
1329 1252
1329 1326
1330 856
1330 899
1330 1127
1332 402
1332 668
1332 770
1333 1133
1333 1148
1333 1380
1333 1520
1333 1731
1333 1805
1333 1939
1334 367
1334 513
1334 680
1334 1373
1334 1909
1335 297
1335 423
1335 1931
1336 973
1336 1828
1336 1962
1337 682
1337 839
1337 872
1337 1675
1338 644
1338 859
1339 700
1339 1021
1339 1205
1339 1336
1340 1244
1341 663
1341 1273
1341 1605
1341 1700
1341 1834
1342 1095
1342 1108
1343 982
1343 1804
1344 1652
1345 1513
1345 1646
1345 1886
1346 285
1346 984
1346 1090
1347 1301
1347 1521
1348 618
1348 630
1348 870
1348 1057
1348 1082
1348 1136
1348 1722
1349 686
1349 764
1349 982
1349 990
1350 1156
1350 1915
1351 424
1351 701
1351 1067
1351 1725
1352 644
1352 1199
1353 843
1353 1295
1353 1307
1353 1365
1354 1459
1354 1631
1355 951
1356 533
1356 903
1357 520
1357 1096
1358 937
1358 1836
1359 697
1359 727
1359 1335
1359 1394
1359 1606
1359 1610
1360 587
1360 1133
1362 533
1362 650
1362 719
1362 798
1362 930
1362 1073
1362 1217
1362 1930
1363 766
1364 991
1364 1164
1364 1269
1364 1342
1364 1794
1365 531
1365 1326
1365 1446
1366 612
1366 845
1366 1219
1367 1479
1367 1538
1367 1742
1368 1031
1368 1742
1368 1805
1368 1974
1369 705
1370 623
1370 1194
1370 1548
1370 1592
1370 1928
1371 632
1371 1242
1372 1037
1372 1096
1372 1247
1372 1301
1373 838
1373 911
1373 992
1373 1260
1373 1746
1373 1844
1374 933
1374 1226
1375 181
1375 741
1375 1032
1376 736
1376 1066
1376 1346
1378 1136
1379 593
1379 1019
1379 1200
1380 162
1380 1495
1380 1579
1381 1061
1381 1184
1381 1403
1381 1470
1382 356
1382 1214
1382 1958
1383 866
1383 1008
1384 913
1384 951
1384 1273
1384 1352
1385 141
1385 415
1385 1202
1386 223
1386 664
1387 660
1387 1334
1387 1738
1388 793
1389 832
1389 1036
1389 1063
1389 1185
1389 1333
1390 556
1390 1988
1391 770
1391 1235
1391 1613
1391 1863
1392 450
1392 888
1392 1175
1392 1556
1393 1286
1394 430
1394 1164
1394 1228
1395 1129
1395 1230
1395 1388
1395 1703
1395 1964
1396 1708
1396 1713
1396 1795
1397 151
1397 473
1397 1826
1398 1298
1399 899
1399 960
1399 1230
1399 1233
1399 1560
1399 1908
1399 1934
1400 901
1400 1004
1400 1056
1400 1122
1400 1318
1400 1627
1400 1714
1401 160
1401 702
1401 723
1401 762
1401 1279
1401 1638
1402 1675
1403 287
1403 1260
1403 1330
1403 1369
1403 1701
1405 673
1405 1169
1405 1356
1405 1470
1405 1755
1405 1880
1406 597
1406 1123
1406 1578
1407 903
1407 995
1407 1203
1407 1773
1407 1866
1408 843
1408 991
1408 1550
1409 370
1409 1560
1410 697
1410 1023
1410 1438
1411 939
1411 1038
1411 1368
1411 1437
1411 1880
1412 928
1412 1549
1413 1505
1414 1196
1414 1477
1414 1987
1415 493
1415 1238
1416 241
1416 420
1416 1884
1417 635
1418 384
1418 540
1418 1138
1418 1184
1418 1337
1418 1631
1418 1682
1418 1975
1420 640
1420 894
1420 939
1420 1328
1420 1402
1420 1423
1421 413
1421 841
1421 943
1421 1064
1421 1496
1421 1915
1422 246
1422 577
1422 1048
1422 1335
1422 1710
1422 1809
1423 193
1423 937
1423 1450
1424 552
1424 1737
1424 1947
1425 433
1425 571
1425 815
1425 838
1425 1381
1425 1391
1426 1031
1426 1043
1427 703
1427 827
1427 958
1427 1703
1427 1760
1427 1984
1428 1025
1428 1905
1428 1915
1429 1259
1429 1354
1430 450
1430 791
1430 1280
1431 909
1431 1165
1431 1203
1431 1398
1432 265
1432 1144
1433 754
1433 784
1433 968
1433 1375
1434 690
1434 829
1435 810
1435 1323
1435 1330
1435 1867
1437 52
1437 611
1437 1009
1437 1040
1437 1051
1437 1202
1437 1734
1437 1937
1438 206
1438 571
1438 733
1438 1230
1438 1448
1438 1642
1439 994
1439 1061
1439 1300
1440 746
1440 1049
1440 1475
1440 1520
1441 852
1441 1149
1442 182
1442 1112
1443 522
1443 788
1443 1106
1443 1136
1443 1226
1443 1295
1443 1453
1443 1501
1443 1957
1444 716
1444 1328
1444 1766
1444 1917
1445 885
1445 1519
1445 1638
1446 1209
1446 1269
1446 1297
1446 1725
1447 1630
1448 807
1448 877
1448 1565
1448 1705
1448 1817
1449 452
1449 654
1449 1420
1450 1278
1450 1290
1450 1310
1451 475
1451 1180
1451 1385
1451 1439
1452 555
1452 1388
1453 883
1453 1161
1453 1237
1454 171
1454 333
1456 414
1456 1192
1456 1388
1456 1407
1456 1544
1457 650
1457 1041
1457 1148
1458 898
1458 1082
1458 1282
1458 1377
1458 1428
1458 1450
1459 790
1459 852
1459 1001
1459 1102
1459 1311
1460 1194
1460 1275
1461 604
1461 758
1461 878
1461 962
1461 1181
1461 1435
1461 1699
1462 1256
1462 1876
1463 1248
1463 1391
1464 359
1464 1303
1465 61
1465 806
1465 1241
1465 1373
1465 1816
1466 1091
1467 540
1467 779
1467 934
1467 1009
1467 1204
1467 1463
1467 1674
1468 495
1468 612
1468 1407
1469 1289
1470 383
1470 442
1470 1472
1470 1770
1471 176
1471 463
1471 602
1471 1026
1472 647
1472 739
1472 1190
1473 758
1473 1086
1473 1089
1473 1152
1473 1339
1473 1408
1474 467
1474 919
1474 1160
1475 516
1475 1577
1477 841
1477 1140
1477 1238
1477 1259
1477 1464
1477 1752
1478 862
1478 1103
1478 1351
1479 1092
1479 1095
1479 1209
1479 1225
1481 1267
1481 1308
1481 1475
1482 481
1482 1177
1482 1874
1483 394
1483 973
1483 975
1483 1006
1483 1025
1483 1236
1483 1289
1483 1305
1483 1478
1483 1697
1483 1963
1484 487
1484 1313
1484 1365
1484 1818
1484 1836
1484 1915
1485 796
1485 1115
1485 1470
1486 1055
1486 1146
1486 1285
1486 1360
1486 1374
1486 1412
1486 1442
1487 489
1487 563
1487 753
1487 982
1487 1410
1487 1480
1487 1941
1488 110
1488 594
1488 987
1488 1097
1488 1523
1488 1573
1489 737
1490 485
1490 749
1490 815
1490 1039
1490 1507
1490 1521
1491 586
1491 982
1491 992
1491 1616
1492 744
1493 986
1493 997
1493 1036
1493 1241
1493 1948
1493 1959
1494 897
1495 714
1495 1629
1496 337
1496 1130
1497 379
1497 871
1497 1238
1497 1453
1498 436
1498 1060
1499 1030
1499 1485
1500 534
1500 1023
1500 1133
1500 1777
1501 790
1501 851
1501 1322
1501 1438
1501 1449
1503 523
1503 1057
1504 666
1504 1105
1504 1489
1504 1539
1505 379
1505 881
1505 1277
1506 974
1506 1099
1506 1404
1508 1852
1509 911
1509 1364
1510 327
1510 1047
1510 1078
1510 1288
1511 1018
1511 1333
1511 1502
1512 241
1512 1504
1512 1567
1512 1782
1513 1292
1514 220
1514 719
1514 871
1514 1072
1514 1089
1514 1271
1514 1318
1514 1443
1514 1471
1515 381
1515 881
1515 932
1515 1318
1515 1426
1515 1435
1515 1452
1516 462
1516 837
1516 874
1516 1129
1516 1398
1516 1896
1517 1223
1517 1443
1518 640
1520 492
1520 1412
1520 1738
1521 975
1521 1101
1521 1172
1521 1220
1521 1244
1521 1507
1522 449
1522 579
1522 1186
1522 1223
1522 1635
1522 1764
1523 966
1523 1000
1523 1073
1523 1185
1524 1097
1524 1783
1525 468
1525 989
1525 1216
1525 1335
1526 869
1527 177
1527 414
1527 670
1527 954
1527 965
1527 986
1528 463
1528 655
1528 1051
1528 1160
1528 1223
1529 1104
1529 1120
1530 1049
1530 1293
1530 1311
1531 209
1531 782
1531 1207
1531 1287
1531 1315
1531 1338
1532 1028
1533 407
1533 556
1533 567
1533 929
1534 864
1534 1105
1534 1399
1535 1133
1535 1544
1536 784
1536 1074
1536 1428
1537 1194
1538 1083
1538 1710
1538 1916
1539 596
1540 447
1540 819
1540 834
1540 1052
1540 1485
1540 1532
1541 969
1541 1388
1541 1924
1542 500
1542 1298
1542 1809
1543 410
1543 1097
1543 1173
1544 724
1544 1523
1544 1735
1545 518
1545 727
1546 1252
1546 1414
1547 449
1547 510
1547 1313
1547 1319
1547 1355
1548 1350
1549 937
1549 1062
1549 1164
1549 1204
1549 1677
1549 1833
1549 1872
1550 804
1550 1042
1551 989
1551 1305
1551 1517
1551 1546
1552 561
1552 837
1552 930
1552 1156
1552 1345
1552 1465
1553 1085
1553 1430
1554 596
1554 610
1554 696
1554 697
1554 955
1554 1330
1555 546
1556 1369
1557 1565
1558 1372
1559 219
1559 1222
1559 1391
1559 1416
1560 272
1560 1067
1560 1359
1561 566
1561 949
1561 1240
1562 168
1562 1109
1562 1558
1563 470
1563 1053
1563 1964
1564 614
1564 1007
1564 1602
1565 1104
1565 1267
1565 1556
1565 1926
1566 1059
1566 1496
1567 276
1567 826
1567 1358
1568 293
1568 348
1568 641
1568 703
1568 767
1568 975
1568 1306
1568 1370
1569 1133
1569 1534
1570 746
1570 764
1570 1267
1570 1407
1570 1880
1570 1966
1571 1092
1571 1482
1572 603
1572 1131
1572 1505
1573 188
1573 968
1573 1281
1574 622
1575 794
1575 929
1575 935
1575 1200
1575 1278
1575 1352
1575 1840
1576 862
1576 1175
1576 1179
1576 1256
1576 1401
1577 963
1578 1400
1578 1461
1578 1494
1579 229
1579 285
1579 657
1579 863
1579 986
1579 1004
1579 1255
1579 1363
1580 326
1580 1053
1580 1395
1580 1719
1581 258
1581 455
1581 1089
1581 1175
1581 1263
1582 779
1582 1373
1583 810
1583 1061
1584 934
1584 1110
1584 1323
1584 1462
1584 1466
1584 1575
1585 306
1585 662
1585 928
1585 1722
1585 1780
1586 682
1586 1052
1586 1113
1587 585
1587 770
1587 1188
1587 1979
1588 791
1588 1512
1589 814
1589 921
1589 1366
1589 1452
1590 389
1590 626
1590 919
1590 1357
1590 1457
1591 430
1591 1174
1591 1694
1592 985
1593 448
1593 1011
1594 755
1594 934
1595 455
1595 1214
1595 1476
1595 1529
1596 776
1596 1085
1596 1550
1596 1816
1597 620
1597 693
1597 742
1598 358
1598 993
1598 1342
1598 1360
1598 1376
1598 1512
1599 781
1599 1233
1599 1493
1599 1523
1600 611
1600 940
1600 1599
1601 967
1603 568
1603 663
1603 863
1603 1064
1603 1925
1605 651
1605 827
1605 1767
1606 871
1607 1048
1607 1510
1607 1591
1608 142
1609 781
1609 1159
1609 1365
1609 1388
1610 906
1610 1394
1610 1577
1611 831
1611 1048
1611 1177
1611 1394
1611 1558
1612 513
1612 1329
1612 1469
1612 1582
1613 97
1613 435
1613 655
1613 1256
1613 1401
1613 1526
1614 93
1614 531
1614 972
1614 1038
1614 1216
1615 138
1615 1143
1615 1413
1615 1549
1615 1612
1616 1129
1616 1232
1616 1283
1617 1302
1617 1419
1618 912
1618 1241
1618 1461
1619 619
1619 684
1619 1334
1619 1436
1619 1545
1620 176
1620 910
1620 949
1620 1442
1620 1494
1622 376
1622 515
1622 1044
1622 1299
1623 1448
1623 1616
1624 730
1624 879
1624 1527
1624 1567
1624 1606
1625 233
1625 854
1625 998
1625 1353
1625 1371
1625 1542
1625 1602
1626 487
1626 632
1626 712
1626 1449
1626 1508
1626 1583
1627 856
1627 961
1627 1132
1627 1328
1627 1403
1628 477
1628 945
1628 1382
1629 593
1629 1310
1629 1349
1629 1532
1629 1721
1630 323
1630 787
1630 798
1630 1328
1631 1149
1631 1356
1631 1403
1631 1433
1631 1540
1632 989
1632 1133
1632 1369
1632 1371
1632 1443
1632 1479
1633 244
1633 1013
1633 1105
1633 1191
1633 1192
1633 1533
1634 641
1634 642
1634 939
1634 1237
1634 1367
1634 1571
1634 1672
1634 1704
1635 1494
1636 1361
1637 439
1637 858
1637 1753
1637 1924
1638 892
1638 1097
1639 1379
1639 1557
1640 1278
1640 1617
1641 776
1641 835
1641 1028
1641 1422
1643 549
1643 1322
1644 1150
1644 1209
1644 1231
1644 1392
1645 976
1645 1067
1645 1278
1645 1485
1645 1559
1646 355
1646 1333
1646 1533
1647 431
1647 721
1647 1199
1647 1655
1648 359
1648 1107
1648 1235
1648 1575
1648 1749
1649 1798
1650 1166
1650 1188
1650 1192
1651 217
1651 587
1651 1061
1651 1245
1651 1657
1651 1894
1652 711
1652 959
1652 1468
1653 974
1653 1582
1653 1781
1654 1338
1654 1681
1654 1756
1655 1128
1655 1645
1656 518
1656 939
1656 1008
1656 1178
1656 1218
1656 1615
1656 1859
1657 752
1657 1457
1657 1585
1658 1406
1658 1549
1658 1605
1659 1011
1659 1319
1659 1430
1660 1239
1660 1283
1660 1310
1660 1598
1660 1610
1661 197
1661 711
1661 1506
1661 1842
1662 760
1662 1336
1662 1644
1662 1709
1663 428
1663 543
1664 1081
1664 1253
1664 1886
1665 855
1665 856
1665 939
1665 1068
1665 1374
1666 370
1666 604
1666 630
1666 1256
1666 1512
1667 1542
1667 1835
1668 41
1668 364
1668 781
1668 939
1668 942
1668 998
1668 1562
1669 501
1669 604
1669 1075
1669 1504
1669 1835
1670 1120
1670 1286
1670 1509
1671 892
1671 1269
1672 458
1672 801
1672 893
1672 1127
1672 1448
1673 732
1673 906
1673 1002
1673 1097
1674 1241
1674 1273
1674 1329
1675 1246
1675 1589
1676 1078
1676 1251
1677 385
1677 1127
1678 552
1678 1446
1678 1582
1678 1620
1678 1811
1679 73
1679 895
1679 1292
1679 1438
1679 1468
1680 557
1680 863
1680 1249
1680 1562
1680 1700
1681 978
1682 1022
1682 1170
1684 695
1684 750
1684 916
1684 1234
1685 376
1685 1268
1685 1375
1685 1462
1685 1844
1686 404
1686 940
1686 1108
1686 1496
1687 660
1687 790
1688 916
1688 1219
1688 1305
1689 1441
1689 1445
1689 1694
1689 1782
1690 457
1690 668
1690 1439
1690 1580
1690 1679
1691 686
1691 1289
1691 1372
1691 1819
1691 1914
1691 1968
1692 644
1692 938
1692 1036
1692 1401
1693 145
1693 677
1693 996
1693 1156
1693 1220
1693 1631
1695 798
1695 848
1695 1067
1695 1544
1696 325
1696 1390
1697 183
1698 611
1698 1073
1698 1349
1698 1490
1699 601
1700 1128
1700 1605
1700 1653
1700 1667
1701 1094
1701 1182
1701 1289
1702 884
1702 1021
1702 1282
1702 1291
1702 1613
1702 1630
1703 915
1703 967
1703 1127
1704 408
1704 1147
1704 1250
1704 1520
1704 1521
1704 1672
1705 861
1705 1000
1705 1123
1706 1377
1707 1186
1708 1613
1708 1979
1709 891
1709 1052
1710 603
1710 1566
1711 1063
1712 656
1712 679
1712 1321
1713 650
1713 767
1713 804
1713 819
1713 841
1713 1339
1713 1523
1714 509
1714 594
1714 626
1714 758
1715 726
1716 154
1716 680
1716 1253
1717 461
1717 559
1717 567
1717 775
1717 1424
1717 1566
1717 1769
1718 439
1718 764
1719 1655
1719 1860
1720 717
1720 1121
1720 1204
1720 1284
1720 1674
1721 642
1721 796
1721 1119
1721 1289
1721 1380
1722 679
1722 879
1722 1191
1722 1398
1722 1475
1722 1560
1723 262
1723 648
1723 791
1723 1075
1723 1324
1724 1124
1724 1314
1724 1401
1724 1403
1724 1457
1724 1492
1725 826
1725 830
1725 1090
1725 1361
1725 1483
1726 1077
1726 1153
1727 556
1727 1032
1728 442
1728 997
1728 1345
1728 1475
1728 1595
1728 1667
1729 622
1729 773
1729 838
1729 913
1730 720
1730 1253
1731 620
1731 881
1731 1124
1731 1477
1732 424
1732 913
1732 1150
1732 1172
1733 292
1733 659
1733 666
1733 1432
1734 696
1734 1597
1734 1854
1735 338
1735 972
1735 1147
1735 1519
1735 1624
1736 461
1736 640
1736 828
1736 933
1736 1060
1736 1512
1736 1661
1737 557
1737 1056
1737 1178
1737 1186
1737 1353
1738 444
1738 704
1738 1137
1738 1672
1739 1020
1739 1363
1739 1576
1740 332
1740 880
1740 1090
1740 1462
1740 1636
1741 162
1741 368
1741 1119
1741 1577
1741 1649
1742 1283
1742 1286
1742 1453
1742 1572
1743 812
1743 1110
1743 1484
1743 1559
1743 1589
1744 764
1744 799
1744 1256
1744 1708
1745 1405
1745 1411
1745 1571
1745 1661
1746 194
1746 291
1746 752
1747 791
1747 1625
1748 287
1748 1235
1748 1490
1748 1820
1748 1823
1749 424
1749 889
1749 1998
1750 1587
1751 417
1751 1175
1751 1494
1751 1510
1752 809
1752 1744
1753 358
1753 457
1753 1066
1753 1225
1753 1238
1753 1240
1753 1285
1753 1512
1753 1700
1754 1745
1755 896
1755 1044
1755 1909
1756 718
1756 856
1756 1189
1756 1474
1756 1689
1756 1713
1756 1852
1757 951
1757 1622
1757 1852
1758 1635
1759 906
1759 1503
1759 1720
1760 1030
1760 1038
1760 1093
1760 1547
1761 1355
1762 368
1762 609
1762 766
1762 1388
1762 1511
1762 1656
1763 1099
1763 1194
1763 1197
1763 1305
1763 1402
1764 46
1764 1203
1764 1262
1764 1658
1765 755
1765 888
1765 1031
1765 1113
1765 1275
1766 495
1766 753
1766 958
1766 1059
1766 1189
1766 1396
1766 1643
1766 1760
1767 218
1767 523
1767 1323
1767 1576
1768 387
1768 1222
1768 1510
1769 1111
1769 1368
1769 1373
1769 1514
1770 703
1770 1374
1770 1389
1770 1499
1770 1679
1770 1746
1771 125
1771 819
1771 1245
1771 1506
1772 345
1772 484
1772 527
1772 703
1772 1291
1772 1700
1773 900
1773 1236
1773 1615
1774 433
1774 1229
1775 712
1775 1687
1776 836
1776 1293
1776 1456
1777 692
1777 980
1777 1013
1777 1087
1777 1504
1778 644
1778 868
1778 995
1778 1579
1779 1054
1779 1136
1779 1380
1780 508
1780 1156
1780 1379
1780 1447
1781 702
1781 1077
1781 1117
1781 1241
1782 142
1782 1036
1782 1310
1783 586
1783 743
1783 1067
1784 1576
1784 1637
1784 1669
1784 1736
1785 490
1785 1019
1785 1305
1785 1557
1786 1203
1787 239
1787 835
1787 1127
1787 1318
1787 1673
1788 274
1788 734
1788 1053
1788 1350
1788 1568
1788 1640
1789 541
1789 1646
1789 1691
1789 1760
1790 854
1790 1005
1790 1016
1790 1288
1790 1339
1790 1550
1791 720
1791 727
1791 1105
1791 1591
1791 1708
1792 626
1792 1624
1793 372
1793 562
1793 654
1793 782
1793 1616
1793 1971
1794 1549
1794 1551
1794 1665
1795 179
1795 1440
1795 1648
1795 1719
1796 760
1796 1318
1796 1442
1797 520
1797 1226
1797 1254
1797 1510
1797 1619
1797 1771
1798 707
1798 1433
1798 1727
1798 1770
1799 1540
1799 1617
1800 574
1800 1453
1800 1456
1800 1539
1801 1162
1801 1446
1801 1572
1801 1608
1801 1769
1801 1793
1802 1062
1802 1567
1803 1113
1804 1389
1805 918
1805 928
1805 936
1805 997
1805 1017
1805 1194
1805 1250
1805 1518
1805 1521
1805 1668
1805 1688
1805 1781
1806 924
1806 1051
1806 1147
1806 1284
1806 1326
1806 1334
1807 631
1807 720
1807 810
1807 992
1807 1098
1807 1236
1808 482
1808 773
1808 1082
1808 1315
1808 1396
1808 1479
1808 1721
1808 1801
1809 1550
1809 1699
1810 636
1810 958
1810 1429
1810 1594
1810 1942
1810 1949
1811 451
1811 1290
1811 1552
1812 694
1812 783
1812 797
1812 1172
1812 1246
1812 1281
1812 1411
1813 360
1813 1155
1813 1744
1814 777
1814 784
1814 1086
1814 1265
1814 1359
1814 1794
1815 201
1815 719
1815 1344
1815 1538
1815 1549
1815 1745
1816 805
1816 917
1816 1346
1817 628
1817 1013
1817 1272
1817 1503
1817 1565
1817 1816
1818 621
1818 1258
1818 1285
1818 1667
1819 699
1819 1554
1820 201
1820 742
1820 855
1820 1069
1820 1427
1821 560
1821 1443
1821 1600
1821 1684
1822 313
1822 1043
1822 1083
1823 1103
1823 1129
1823 1610
1824 1248
1825 489
1825 547
1825 894
1825 1543
1825 1776
1826 1360
1826 1797
1827 1591
1827 1638
1827 1804
1827 1814
1829 1398
1829 1486
1829 1671
1829 1808
1829 1818
1830 962
1830 1016
1830 1546
1830 1606
1831 568
1831 584
1831 1623
1831 1700
1832 1057
1832 1348
1832 1365
1832 1453
1832 1457
1832 1794
1833 1031
1833 1499
1833 1563
1833 1618
1834 983
1834 1192
1834 1198
1834 1252
1834 1808
1835 1140
1835 1436
1836 453
1836 496
1836 1271
1836 1419
1837 258
1837 1320
1838 708
1838 819
1838 1365
1839 876
1839 1073
1839 1121
1840 563
1840 1169
1840 1328
1840 1631
1841 1257
1842 613
1842 1625
1843 476
1843 582
1843 954
1843 1230
1843 1392
1843 1629
1844 420
1844 823
1844 1517
1844 1557
1845 349
1845 481
1846 1189
1846 1548
1847 1051
1847 1514
1847 1732
1847 1789
1848 968
1849 661
1849 1026
1849 1184
1849 1234
1849 1342
1849 1699
1850 467
1850 668
1850 1335
1850 1357
1850 1767
1851 263
1851 346
1851 752
1851 861
1851 1145
1851 1258
1851 1697
1852 701
1852 1712
1852 1802
1853 831
1853 1016
1853 1399
1853 1744
1853 1751
1853 1766
1854 674
1854 1073
1854 1823
1855 820
1855 914
1855 1280
1855 1309
1855 1346
1855 1426
1856 756
1856 932
1856 1521
1856 1795
1857 391
1857 1042
1857 1526
1857 1714
1857 1719
1858 1345
1858 1389
1858 1492
1858 1561
1858 1684
1859 557
1859 959
1859 1091
1859 1300
1859 1354
1859 1715
1859 1773
1860 389
1860 819
1860 963
1860 1237
1860 1395
1860 1813
1861 626
1861 880
1861 1551
1861 1772
1862 285
1862 1061
1862 1592
1863 758
1863 883
1863 946
1864 404
1864 923
1864 1131
1864 1446
1864 1634
1864 1757
1865 510
1865 1253
1865 1607
1865 1636
1866 794
1866 1512
1866 1567
1866 1621
1867 612
1867 1140
1867 1169
1867 1525
1867 1719
1867 1827
1868 87
1868 1088
1869 1182
1869 1190
1869 1308
1869 1575
1869 1776
1869 1808
1870 645
1870 802
1870 1322
1870 1397
1870 1465
1870 1506
1870 1628
1870 1657
1871 723
1871 1223
1871 1391
1871 1438
1871 1773
1871 1809
1872 766
1872 932
1872 1300
1872 1347
1872 1421
1872 1453
1872 1677
1872 1696
1873 676
1873 963
1873 1815
1874 670
1874 925
1874 1061
1874 1263
1874 1385
1874 1578
1874 1585
1874 1759
1875 1285
1875 1749
1876 806
1876 1343
1876 1530
1876 1556
1876 1659
1877 479
1877 1011
1877 1225
1877 1321
1877 1841
1878 1218
1878 1284
1878 1696
1878 1733
1879 599
1879 1115
1879 1321
1879 1562
1879 1719
1880 611
1880 965
1880 1297
1880 1377
1880 1437
1880 1455
1880 1470
1880 1662
1880 1746
1880 1818
1881 659
1881 868
1881 916
1881 1304
1881 1503
1882 389
1882 1512
1882 1793
1883 748
1883 959
1883 1311
1883 1739
1883 1874
1884 719
1884 878
1884 1858
1885 628
1885 785
1885 890
1885 1325
1886 242
1886 1182
1887 1438
1887 1577
1887 1598
1887 1621
1887 1675
1888 676
1888 986
1888 1076
1888 1349
1888 1374
1888 1398
1888 1855
1889 393
1889 421
1889 454
1889 635
1889 1065
1889 1119
1889 1526
1889 1569
1889 1654
1890 912
1891 592
1892 1039
1892 1338
1892 1383
1892 1564
1892 1688
1892 1721
1893 918
1893 1106
1893 1126
1893 1409
1893 1473
1893 1638
1893 1837
1894 465
1894 1035
1894 1324
1894 1341
1894 1497
1894 1770
1895 556
1895 819
1896 813
1896 943
1896 1462
1896 1524
1896 1779
1896 1866
1897 599
1897 883
1897 1389
1897 1418
1897 1564
1897 1681
1897 1750
1897 1837
1898 885
1898 1082
1899 653
1899 689
1899 1027
1899 1101
1899 1505
1899 1535
1900 1617
1900 1882
1901 777
1901 1606
1902 530
1902 916
1902 1627
1902 1723
1903 273
1903 311
1903 918
1903 1591
1903 1741
1904 586
1904 771
1904 1244
1904 1757
1904 1834
1905 635
1905 670
1905 814
1905 930
1905 1178
1905 1503
1905 1818
1905 1824
1905 1870
1906 979
1906 1256
1907 669
1907 1552
1908 710
1908 872
1908 1214
1908 1228
1908 1856
1909 656
1909 940
1909 1019
1909 1153
1909 1496
1909 1559
1909 1633
1909 1798
1910 918
1910 1428
1910 1462
1910 1733
1910 1900
1911 1009
1911 1128
1911 1165
1912 1389
1912 1411
1912 1732
1912 1854
1913 886
1913 1268
1913 1833
1914 1307
1914 1759
1914 1793
1914 1874
1915 792
1915 926
1915 990
1915 1478
1915 1536
1915 1706
1915 1826
1916 627
1916 1286
1916 1387
1916 1710
1917 1010
1917 1192
1917 1515
1917 1583
1917 1587
1917 1623
1917 1698
1917 1867
1918 854
1918 1769
1919 204
1919 241
1919 1453
1919 1526
1920 422
1920 426
1920 471
1920 1883
1921 658
1921 1238
1921 1833
1922 457
1922 638
1922 888
1922 1523
1922 1780
1922 1822
1923 554
1923 947
1923 1475
1924 353
1924 1099
1924 1615
1924 1670
1924 1818
1925 794
1925 870
1925 1084
1925 1090
1925 1410
1925 1641
1925 1682
1925 1739
1925 1874
1925 1918
1926 78
1926 649
1926 945
1926 1149
1926 1297
1926 1504
1926 1547
1927 646
1927 796
1927 1044
1927 1315
1927 1363
1927 1757
1927 1919
1928 916
1928 1603
1928 1706
1928 1729
1928 1887
1929 657
1929 1281
1929 1587
1929 1836
1930 262
1930 832
1930 1047
1930 1157
1930 1644
1931 1026
1931 1675
1931 1859
1932 532
1932 868
1932 1738
1932 1912
1933 815
1933 1122
1933 1544
1933 1661
1933 1681
1934 448
1934 662
1934 1379
1934 1513
1934 1851
1935 1025
1935 1427
1935 1861
1935 1909
1936 677
1936 1513
1936 1541
1936 1777
1936 1867
1937 1177
1937 1214
1937 1734
1937 1767
1938 135
1938 603
1938 1014
1939 352
1939 676
1939 998
1939 1163
1939 1440
1939 1724
1939 1767
1939 1780
1940 756
1940 811
1940 1839
1941 396
1941 1377
1941 1576
1941 1753
1941 1789
1942 926
1942 1092
1942 1136
1943 1166
1943 1708
1944 472
1944 1376
1944 1885
1945 481
1945 1060
1945 1303
1945 1413
1945 1944
1946 650
1946 1552
1947 330
1947 615
1947 756
1947 1084
1947 1259
1947 1777
1947 1784
1948 431
1948 1516
1948 1796
1949 251
1949 1467
1949 1531
1949 1722
1950 692
1950 1304
1950 1596
1950 1631
1950 1866
1951 425
1951 1158
1951 1420
1951 1784
1951 1802
1951 1804
1952 311
1952 621
1952 698
1952 732
1952 1761
1953 1330
1953 1412
1954 642
1954 920
1954 1000
1954 1170
1955 819
1955 925
1955 1273
1955 1453
1955 1659
1955 1746
1955 1878
1955 1897
1956 854
1957 794
1957 999
1957 1308
1957 1686
1957 1823
1958 431
1958 911
1958 1320
1958 1575
1958 1699
1958 1859
1959 441
1959 1270
1959 1418
1960 634
1960 666
1960 991
1960 1196
1960 1405
1960 1415
1960 1700
1961 609
1961 1151
1961 1911
1962 317
1962 432
1962 660
1962 869
1962 1799
1962 1828
1963 999
1963 1138
1963 1255
1963 1536
1963 1696
1963 1719
1963 1887
1963 1932
1964 917
1964 1314
1964 1549
1964 1652
1964 1703
1964 1789
1965 827
1965 1166
1965 1219
1965 1884
1966 511
1966 736
1966 858
1966 864
1966 1120
1966 1857
1967 829
1967 1210
1967 1736
1967 1924
1968 1248
1968 1276
1968 1778
1968 1837
1968 1947
1969 632
1969 695
1969 1193
1969 1634
1969 1701
1970 1325
1970 1422
1970 1726
1970 1763
1970 1868
1971 748
1971 1498
1971 1739
1971 1786
1971 1875
1972 994
1972 1151
1972 1199
1972 1391
1972 1407
1972 1462
1972 1888
1973 1810
1973 1902
1974 739
1974 1178
1974 1805
1975 408
1975 738
1975 762
1975 1631
1975 1683
1975 1777
1976 1443
1976 1559
1976 1589
1977 917
1977 1509
1977 1820
1977 1821
1977 1922
1977 1927
1978 748
1978 1658
1979 788
1979 1131
1979 1644
1979 1763
1979 1794
1979 1798
1980 1086
1980 1214
1980 1474
1980 1942
1981 1053
1981 1360
1981 1396
1981 1548
1982 356
1982 532
1982 633
1982 1036
1982 1037
1983 316
1983 1043
1983 1255
1983 1384
1984 946
1984 947
1984 1131
1984 1496
1985 1277
1985 1412
1985 1548
1985 1700
1985 1904
1986 800
1986 1226
1986 1665
1986 1831
1986 1849
1987 171
1987 258
1987 1607
1987 1769
1987 1864
1988 873
1988 878
1988 1367
1988 1404
1988 1457
1988 1548
1988 1753
1988 1873
1989 816
1989 1246
1989 1518
1989 1654
1990 796
1990 816
1990 1056
1990 1214
1990 1533
1991 730
1992 394
1992 772
1992 1044
1992 1140
1992 1358
1992 1529
1992 1585
1992 1987
1993 631
1993 694
1993 1112
1993 1763
1993 1894
1994 436
1994 913
1994 1453
1994 1709
1994 1772
1994 1919
1995 172
1995 354
1995 1083
1995 1173
1995 1619
1995 1980
1996 966
1996 1404
1996 1709
1996 1911
1996 1994
1997 423
1997 561
1997 689
1997 690
1997 1278
1997 1292
1998 1387
1998 1535
1998 1737
1998 1842
1998 1902
1999 874
1999 1116
1999 1830
