2000 4707
0 326 748
0 495 622
0 552 1804
0 624 1402
0 794 992
0 879 1246
0 899 1420
0 1573 1584
1 84 157
1 97 1520
1 209 836
1 714 1619
1 1116 1583
1 1236 1764
1 1286 1600
2 171 719
2 636 865
2 712 1832
2 753 1374
2 885 1284
2 1879 1943
3 85 852
3 359 1110
3 428 976
3 846 1775
4 81 1259
4 305 1536
4 875 1518
4 1096 1597
4 1105 1359
4 1132 1211
4 1488 1696
4 1503 1822
5 57 485
5 57 1840
5 245 1546
5 307 463
5 402 982
5 474 735
5 598 1181
5 622 820
5 700 1902
5 822 1025
5 940 1844
5 1496 1676
6 38 1539
6 66 246
6 76 1919
6 135 1563
6 179 738
6 256 711
6 299 483
6 1118 1942
7 286 1450
7 351 1391
7 354 1575
7 543 659
7 549 1097
7 754 1493
7 917 1430
8 103 524
8 257 1436
8 752 1557
8 877 1599
8 1144 1378
8 1381 1937
8 1411 1416
9 156 1681
9 227 1120
9 295 1243
9 412 666
9 435 1512
9 491 578
9 619 1733
9 895 1629
9 1149 1621
9 1213 1771
9 1718 1865
10 292 1797
10 520 1799
10 715 1463
10 1174 1394
10 1745 1860
11 114 1898
11 153 1245
11 156 480
11 314 1845
11 613 1401
11 870 1508
11 1480 1621
12 81 1367
12 86 918
12 141 1578
12 276 663
12 607 1763
12 1276 1878
12 1511 1907
13 186 1760
13 700 1912
13 774 1956
13 798 986
13 942 1985
13 1088 1370
13 1381 1855
14 188 1249
14 265 1346
14 410 1340
14 449 1013
14 585 1158
14 903 1574
14 917 1565
14 930 1810
14 963 980
15 82 1676
15 427 1778
15 460 1681
15 597 1301
15 912 1290
15 1019 1285
16 223 1249
16 248 1794
16 574 1749
16 592 657
16 677 1965
16 1580 1637
17 130 1159
17 276 1330
17 466 988
17 538 1445
17 590 614
17 892 1237
18 182 363
18 441 990
18 492 1133
18 617 1841
18 804 1922
18 844 1818
18 1033 1396
19 38 401
19 440 1885
19 555 1456
19 1133 1977
19 1205 1871
19 1288 1718
19 1640 1673
20 145 814
20 186 255
20 224 465
20 261 1744
20 265 1568
20 373 865
20 412 989
20 426 1962
20 464 900
20 516 1076
20 946 1887
21 32 1744
21 159 1167
21 358 1981
21 431 1059
21 673 1853
21 694 1943
21 913 1167
21 1460 1547
21 1646 1761
22 126 1781
22 291 1541
22 533 1784
22 630 1438
22 689 1071
22 754 1560
22 914 1214
22 918 1653
23 118 924
23 187 1530
23 438 756
23 925 1979
23 972 1450
23 1173 1227
23 1352 1618
23 1678 1865
24 168 1315
24 206 787
24 253 900
24 256 750
24 516 630
24 795 1549
24 1030 1961
24 1036 1874
24 1219 1931
24 1246 1330
24 1615 1881
25 71 1351
25 230 928
25 250 1562
25 431 1768
25 922 1189
25 1515 1822
26 106 397
26 135 633
26 283 917
26 305 1462
26 335 409
26 607 1741
26 626 877
26 659 1123
26 906 1716
26 1135 1256
26 1167 1628
27 159 198
27 502 662
27 660 1643
27 1450 1915
28 596 772
28 643 1588
28 696 1070
28 736 1770
28 753 908
28 754 1969
28 1265 1835
28 1309 1911
29 276 1694
29 784 1246
29 880 1806
29 899 1769
29 1765 1930
30 93 391
30 289 1825
30 353 1995
30 726 1891
30 735 737
30 1013 1397
30 1229 1869
30 1755 1985
31 165 891
31 240 1998
31 287 1110
31 486 1574
31 548 1816
31 633 1177
31 719 1979
31 1860 1929
32 126 1682
32 371 623
32 995 1271
32 1028 1199
32 1378 1432
33 184 1714
33 194 790
33 745 922
33 1110 1846
33 1123 1567
33 1492 1905
34 270 1579
34 478 505
34 628 1141
34 1117 1406
35 172 685
35 681 1100
35 1832 1856
36 400 1284
36 913 1050
36 1088 1529
36 1210 1479
36 1800 1929
37 87 610
37 94 469
37 743 904
37 744 1695
37 785 852
37 802 1454
37 842 1941
37 1300 1760
37 1823 1962
38 120 1218
38 184 1234
38 310 358
38 1363 1589
38 1553 1582
38 1621 1719
39 61 1241
39 74 978
39 541 1726
39 694 1820
39 1392 1844
40 188 994
40 210 1836
40 235 879
40 337 1295
40 494 714
40 762 1011
41 85 254
41 398 942
41 487 1629
41 510 992
41 562 801
41 677 1228
41 680 1374
41 896 1807
41 1820 1926
42 200 1703
42 259 1645
42 364 1633
42 402 1661
42 435 1322
42 568 1480
42 862 1128
42 1164 1386
42 1586 1636
43 50 454
43 213 480
43 574 1773
43 691 1789
43 740 1863
43 936 1393
43 1191 1532
43 1712 1743
44 104 794
44 222 936
44 350 544
44 381 1850
44 486 543
44 498 1662
44 797 1198
44 930 1134
45 77 1389
45 98 1213
45 519 1037
45 630 1492
45 727 1213
45 1130 1919
45 1273 1425
46 178 1999
46 888 1062
46 899 1285
46 1012 1280
47 63 771
47 444 1903
47 1037 1930
47 1099 1411
47 1152 1716
47 1255 1589
47 1474 1799
48 75 1189
48 265 717
48 471 561
48 486 1526
48 498 1920
48 570 1995
48 660 1729
48 1001 1812
48 1244 1579
48 1247 1921
48 1377 1907
49 119 444
49 215 1041
49 293 562
49 482 962
49 1170 1487
49 1687 1883
50 523 682
51 533 1836
51 579 1295
51 595 1740
51 624 1893
51 648 1513
51 782 1367
51 1064 1883
51 1511 1585
51 1682 1954
51 1774 1941
52 88 1592
52 202 845
52 449 1662
52 559 625
52 623 798
52 627 1385
52 866 1509
52 1226 1720
52 1243 1244
52 1277 1724
52 1302 1686
53 61 1401
53 74 1021
53 83 126
53 236 1737
53 299 483
53 326 1569
53 769 1261
53 1071 1887
53 1858 1925
54 388 1552
54 495 1599
54 496 1678
54 530 800
54 559 763
54 802 1928
55 283 1526
55 384 548
55 797 1168
55 846 1537
55 943 1520
56 86 491
56 166 567
56 866 1398
56 991 1988
56 1920 1926
57 284 1823
57 398 513
57 1114 1737
57 1249 1762
57 1602 1667
58 452 1934
58 518 840
58 594 1616
58 943 1432
58 1828 1969
59 177 350
59 295 1468
59 318 722
59 434 1244
59 1025 1412
60 206 879
60 584 1605
60 749 1154
60 768 1738
60 1758 1815
61 184 766
61 200 585
61 240 1530
61 289 724
61 566 1560
61 578 1660
61 705 1448
61 736 1726
61 789 1439
61 796 1291
61 885 1331
61 905 1308
62 102 1392
62 331 1849
62 440 1512
62 1339 1626
62 1774 1782
63 121 1826
63 225 1121
63 572 1235
63 600 929
63 1320 1918
63 1455 1476
63 1564 1718
64 117 268
64 349 542
64 363 697
64 874 1296
64 980 1982
64 1597 1696
65 101 1564
65 190 344
65 512 891
65 580 1170
65 905 957
65 1380 1792
65 1601 1768
66 150 1865
66 157 1552
66 163 461
66 381 866
66 398 1140
66 443 673
66 456 1952
66 546 548
66 862 1054
66 964 1881
66 1305 1814
67 177 435
67 231 1391
67 620 1551
67 665 1867
67 1076 1225
68 583 1591
68 783 1030
68 796 1633
69 159 547
69 682 1706
69 979 1058
69 1170 1189
69 1576 1697
70 132 725
70 172 1691
70 216 1823
70 324 1820
70 354 1926
70 720 1087
70 831 1821
70 865 1300
70 880 1659
70 916 1694
70 1058 1512
70 1167 1706
70 1318 1600
70 1377 1991
71 149 1561
71 208 420
71 413 1033
71 470 1711
71 494 702
71 808 909
71 911 1156
71 983 1897
71 1227 1437
71 1312 1864
72 96 1047
72 111 759
72 155 755
72 202 584
72 308 754
72 349 875
72 387 578
72 442 820
72 1253 1815
72 1651 1997
73 245 923
73 282 1875
73 362 1923
73 383 1233
73 479 1467
73 689 1855
73 826 1329
73 835 1509
73 1557 1671
73 1652 1788
73 1828 1875
74 107 255
74 821 1461
74 948 1096
74 1117 1685
74 1818 1994
75 192 1368
75 194 1600
75 416 745
75 436 1080
75 849 1462
75 898 1783
75 1135 1776
76 116 744
76 634 940
76 846 1736
76 1320 1540
77 163 725
77 171 397
77 545 563
77 682 974
77 997 1300
77 1066 1608
78 157 969
78 172 1683
78 234 776
78 388 1514
78 461 1330
78 547 1017
78 690 1708
78 755 1485
78 859 1000
78 906 1772
78 1119 1987
78 1244 1553
79 332 1165
79 857 1959
79 1755 1852
80 98 234
80 146 1613
80 158 1011
80 275 946
80 646 1984
80 672 1767
80 779 1590
80 1253 1404
81 186 446
81 222 1534
81 406 824
81 982 1558
81 1324 1648
81 1735 1889
82 266 1649
82 466 1181
82 642 1504
82 703 849
82 716 1569
82 807 1865
82 816 866
82 913 1893
82 1288 1380
82 1326 1773
83 418 748
83 500 1262
83 503 1003
83 635 686
84 109 1293
84 221 735
84 229 1282
84 319 673
84 371 916
84 518 605
84 793 933
84 798 1574
84 880 1200
84 1160 1171
84 1246 1678
85 160 660
85 183 260
85 221 814
85 253 1722
85 269 468
85 357 1969
85 814 1003
86 106 849
86 163 783
86 248 1293
86 275 452
86 425 1653
86 442 1898
86 743 1324
86 945 1994
86 1291 1607
86 1351 1975
86 1381 1972
87 132 667
87 201 539
87 262 1264
87 539 618
87 1476 1583
88 252 942
88 883 1396
88 894 1848
88 920 1018
89 495 1841
89 831 1118
89 1296 1357
90 94 763
90 117 963
90 179 859
90 409 1784
90 422 862
90 456 1974
90 492 1205
90 925 1110
90 981 1337
90 1013 1655
90 1705 1760
91 298 1472
91 393 1901
91 673 1291
91 677 687
91 883 1227
91 1390 1988
92 311 1231
92 445 1003
92 469 1713
92 526 836
92 859 861
92 944 1608
92 1210 1533
92 1216 1453
93 256 1563
93 460 815
93 491 1924
93 547 1344
93 731 1873
93 850 1246
93 1086 1882
94 191 1639
94 260 1349
94 497 1917
94 641 1306
94 735 1372
94 736 1188
94 950 1092
94 987 1909
94 1122 1400
94 1624 1754
95 236 1605
95 245 914
95 349 1275
95 428 1207
95 551 727
95 785 1995
95 1043 1718
96 124 687
96 149 260
96 329 824
96 653 1016
96 1136 1905
96 1236 1551
97 120 1754
97 220 419
97 248 1952
97 367 1082
97 432 1043
97 567 1802
97 631 1790
97 1004 1802
97 1620 1873
98 111 946
98 141 947
98 295 484
98 451 1733
98 507 1546
98 673 1127
98 960 1200
98 1316 1848
98 1404 1859
99 162 450
99 248 1813
99 691 1539
99 728 1023
99 957 1367
99 1365 1429
99 1573 1710
100 112 1862
100 290 1848
100 741 1862
100 792 1122
100 798 1582
100 1079 1793
100 1473 1871
101 107 1865
101 223 1130
101 756 1965
101 804 812
101 948 1936
102 809 1421
102 811 1450
102 879 1495
102 1067 1789
102 1123 1965
103 114 1786
103 129 1426
103 139 1407
103 221 955
103 236 843
103 928 1883
103 991 1503
103 1300 1799
104 199 1547
104 215 1182
104 257 1625
104 301 1229
104 1615 1935
105 164 1361
105 186 1283
105 416 1321
105 843 1710
105 1003 1584
106 178 376
106 234 971
106 456 1022
106 853 1444
106 1152 1817
107 112 1997
107 182 1199
107 692 773
107 895 1615
107 1920 1978
108 855 1121
108 975 1289
108 1089 1531
109 166 1416
109 326 1728
109 684 1117
109 834 836
109 955 1770
109 974 990
109 1308 1729
109 1653 1791
110 387 1351
110 1285 1743
110 1648 1692
110 1723 1774
110 1740 1919
111 232 1807
111 236 1071
111 753 1537
111 966 1825
111 1274 1969
111 1712 1986
112 323 1901
112 672 1032
112 1526 1915
113 518 1911
113 523 954
113 1173 1663
113 1303 1431
113 1444 1618
113 1497 1833
114 117 1128
114 401 832
114 595 1803
114 610 1868
114 1105 1384
114 1201 1492
114 1721 1865
115 474 1383
115 587 1991
115 862 1123
115 1264 1971
116 137 333
116 174 1498
116 218 481
116 355 1465
116 627 1661
116 883 1237
116 1228 1789
117 342 1041
117 542 1535
118 948 1917
118 1261 1723
118 1413 1640
118 1633 1841
119 352 949
119 519 523
119 1279 1891
120 311 677
120 317 1796
120 369 630
120 433 1042
120 454 1574
120 546 1029
120 699 1959
120 871 1605
120 943 1699
120 962 972
120 1135 1952
120 1540 1824
121 405 1359
121 449 777
121 588 1687
121 819 1918
121 1043 1691
121 1303 1404
121 1420 1843
121 1558 1942
122 231 778
122 746 1857
123 225 1245
123 390 461
123 395 1046
123 844 1370
123 992 1485
123 1148 1493
124 308 1933
124 462 1284
124 499 1197
124 526 1427
124 568 1769
124 574 1533
124 580 781
124 1037 1428
124 1162 1494
124 1600 1765
125 280 858
125 301 1659
125 426 1942
125 676 1148
125 909 1948
126 135 762
126 213 1947
126 247 384
126 315 332
126 316 1700
126 362 990
126 396 398
126 608 761
127 240 1202
127 326 998
127 1587 1769
128 193 687
128 256 1020
128 393 1316
128 441 518
128 692 749
128 747 1572
128 792 1371
128 966 1595
129 685 995
129 869 1709
130 132 1963
130 142 611
130 164 289
130 189 1156
130 208 319
130 456 1915
130 610 1247
130 709 1576
130 898 1504
130 1360 1705
131 230 1706
131 338 1845
131 362 1765
131 679 732
131 1205 1639
131 1318 1858
132 328 1524
132 449 493
132 666 1418
132 841 878
132 1443 1664
133 318 1280
133 444 1984
134 153 1770
134 239 1034
134 1010 1751
134 1366 1803
135 174 582
135 312 1307
135 416 753
135 439 1224
135 577 1928
135 942 1019
136 187 206
136 192 1135
136 440 1398
136 925 1062
136 1281 1436
136 1564 1851
136 1709 1873
136 1742 1758
137 930 1684
137 1071 1393
137 1315 1795
137 1510 1749
138 201 782
138 345 727
138 359 381
138 561 1559
138 814 1920
138 1371 1519
139 275 665
139 663 1598
139 970 1404
139 1033 1085
139 1262 1910
139 1419 1859
139 1456 1521
140 185 664
140 316 652
140 756 1888
140 835 932
140 1672 1758
141 645 1739
141 714 757
141 889 1024
141 1045 1887
141 1185 1713
141 1707 1745
142 156 181
142 234 1369
142 534 1297
142 670 1666
142 1594 1637
143 339 1309
143 385 743
143 625 799
143 646 1729
143 854 1907
143 960 1774
143 1136 1500
143 1293 1599
144 197 1904
144 208 1737
144 243 1124
144 691 748
144 1511 1526
144 1581 1902
144 1635 1964
144 1642 1779
145 476 1539
145 906 1088
145 1239 1992
145 1597 1853
146 363 1432
146 806 1004
146 1000 1679
147 439 686
147 586 1509
147 996 1750
147 1020 1339
147 1236 1907
147 1268 1585
148 232 597
148 258 1223
148 368 1807
148 937 1589
148 954 1226
148 1470 1878
149 245 1034
149 275 989
149 290 1467
149 372 879
149 713 1676
149 725 1739
149 929 1895
149 1172 1679
149 1241 1944
149 1348 1592
149 1375 1487
149 1445 1903
150 483 950
150 1217 1812
150 1308 1401
151 397 1158
151 540 1412
152 223 650
152 1032 1791
152 1097 1791
152 1305 1377
153 174 1638
153 196 543
153 412 1049
153 637 1097
153 940 1806
153 1486 1754
154 158 842
154 240 536
154 416 1418
155 230 1952
155 469 1974
155 1095 1139
155 1811 1982
155 1900 1968
156 309 514
156 356 663
156 402 1715
156 502 1450
157 195 445
157 254 1771
157 725 1614
157 1109 1989
158 225 726
158 252 1430
158 295 1341
158 364 1556
158 1198 1395
158 1373 1932
158 1874 1976
159 331 1464
159 976 1904
159 1088 1439
159 1338 1920
160 180 193
160 181 1196
160 404 743
160 734 1433
160 1102 1224
160 1278 1657
160 1293 1907
160 1319 1395
160 1732 1835
161 360 435
161 397 924
161 416 977
161 604 1822
161 851 1660
161 1460 1524
162 338 1390
162 583 1639
162 661 1393
162 717 1745
162 1653 1772
163 432 542
163 689 1240
163 949 1996
163 1050 1208
163 1834 1937
164 229 497
164 279 441
164 466 623
164 538 1147
164 773 1755
164 1125 1812
165 496 800
165 565 1984
165 681 937
165 912 1943
165 1034 1678
166 300 1107
166 814 1282
166 890 1810
166 1555 1885
166 1704 1991
167 187 370
167 227 1339
167 257 669
167 281 689
167 533 1168
167 549 1393
167 697 1598
167 1772 1861
168 642 1597
168 807 849
168 830 1574
168 882 1628
168 979 1554
168 1327 1848
169 301 1401
169 344 953
169 576 1818
169 648 723
169 851 1203
170 814 821
170 985 1110
170 1141 1203
170 1865 1930
171 255 931
171 410 1919
171 635 1606
171 669 951
171 984 1408
171 989 1476
172 181 1933
172 404 1632
172 776 1540
172 787 1378
172 1004 1400
172 1305 1654
172 1763 1804
173 689 1664
173 828 1938
173 1072 1222
173 1088 1280
174 175 1768
174 442 1745
174 616 1888
174 639 1077
174 698 1412
174 749 1971
174 779 1308
174 1641 1799
175 188 410
175 297 594
175 366 1165
175 583 752
175 589 989
175 826 1141
175 1210 1218
176 446 1964
177 486 669
177 526 708
177 594 723
177 1208 1961
178 198 1608
178 279 836
178 322 1125
178 723 885
178 1285 1504
178 1432 1969
178 1520 1585
179 220 1627
179 351 1984
179 388 793
179 485 1615
179 726 1905
179 792 1742
179 1025 1043
180 478 1079
180 666 1515
180 964 1997
180 1091 1985
180 1459 1587
181 285 710
181 310 1316
181 593 965
181 676 977
181 1653 1892
182 371 1470
182 579 1858
182 1472 1750
182 1893 1998
183 231 1466
183 242 1126
183 811 1621
183 855 970
183 996 1594
184 283 1341
184 347 784
184 391 1943
184 400 1628
184 419 869
184 443 1138
184 539 1068
184 626 1077
184 869 890
184 905 1517
184 1197 1588
185 267 703
185 450 1965
185 667 1521
185 691 1325
185 803 1690
186 192 1783
186 268 743
186 378 1824
186 560 1272
186 753 1976
186 1008 1957
187 404 1242
187 466 1947
187 600 1981
187 956 1358
187 1176 1794
188 314 1499
188 492 1760
188 937 1727
188 1349 1428
189 223 1046
189 302 1613
189 496 1345
189 571 824
189 652 1359
189 811 1322
189 1106 1698
189 1494 1862
190 331 1978
190 528 907
190 1180 1951
190 1796 1905
191 344 1694
191 1262 1537
191 1406 1573
191 1874 1995
192 277 1854
192 425 1260
192 697 1766
192 872 892
192 1024 1786
192 1106 1967
192 1119 1175
193 238 871
193 307 1491
193 1383 1935
193 1581 1902
194 486 1114
194 540 943
195 312 1979
195 376 966
195 564 1101
195 838 1374
195 1250 1421
195 1307 1528
196 401 878
196 482 1316
196 862 1471
196 923 1671
196 947 1571
196 1230 1439
197 324 1849
197 517 1149
197 805 1156
197 876 1998
197 891 1005
197 908 1883
197 1220 1996
198 560 1727
198 1030 1973
199 282 1936
199 356 1882
199 662 1817
199 707 1396
199 849 1003
199 956 1481
199 1057 1862
199 1358 1386
199 1533 1691
200 221 1362
200 280 560
200 769 1672
200 910 1450
200 964 1354
200 967 977
200 1061 1965
200 1215 1680
200 1225 1270
200 1360 1704
201 390 1050
201 570 1691
201 648 713
201 810 1279
202 371 671
202 400 1725
202 462 1788
202 472 1465
202 626 1846
202 735 1720
202 798 1459
202 1150 1598
203 271 579
203 286 435
203 342 1162
203 472 1220
203 625 896
203 643 1008
203 686 1755
203 881 1766
203 1007 1291
203 1178 1944
203 1185 1626
203 1259 1334
203 1628 1852
204 364 912
204 611 845
204 917 922
204 1174 1658
204 1622 1951
205 318 709
205 384 634
205 408 1942
205 1031 1907
205 1071 1697
205 1095 1991
205 1472 1693
205 1585 1883
206 717 733
206 860 1074
206 893 1853
206 930 1945
206 1016 1825
206 1724 1863
207 224 1920
207 263 1668
207 410 1454
207 503 979
207 580 979
207 583 1318
207 903 1432
207 958 1977
207 1929 1960
208 569 1840
208 765 1250
208 1079 1187
208 1291 1480
209 618 1867
209 1323 1747
209 1770 1959
210 916 955
210 1251 1840
210 1442 1912
210 1581 1833
211 379 1415
211 863 1856
211 877 1279
211 1280 1350
212 266 710
212 266 866
212 383 738
212 955 1053
212 1182 1274
212 1256 1922
212 1591 1772
212 1888 1902
213 287 985
213 302 1682
213 473 1010
213 619 1126
213 625 1273
213 637 1438
213 1288 1320
214 609 1833
214 707 1872
214 1184 1297
215 308 556
215 658 1666
215 1113 1501
215 1239 1923
216 432 720
216 536 865
216 689 1307
216 1200 1389
216 1240 1564
216 1276 1473
217 576 607
217 598 633
217 615 1565
217 622 1611
217 758 1629
217 1057 1514
217 1201 1533
217 1560 1794
218 264 830
218 317 342
218 497 1777
218 718 1241
218 923 1459
218 977 1176
218 1002 1381
219 247 912
219 409 1829
219 1209 1727
220 307 1940
220 555 1668
220 628 1016
220 786 1458
220 837 1413
220 907 1002
220 944 1819
220 1143 1356
221 418 1142
221 488 1918
221 605 1466
221 824 1452
221 890 1533
221 1045 1606
221 1409 1644
221 1498 1582
222 484 1443
222 697 1838
222 720 1653
222 795 1139
223 413 1524
223 477 1075
223 501 1092
223 538 1963
223 747 1212
223 1074 1402
223 1203 1231
224 428 460
224 597 1822
224 632 883
224 912 1474
224 1334 1823
224 1341 1980
225 462 1845
225 628 1670
225 1390 1519
226 791 1666
226 970 1866
226 986 1562
226 1341 1778
227 369 1945
227 860 1669
227 1730 1811
228 556 1747
228 610 1597
228 925 1297
228 947 1006
228 1028 1917
228 1147 1215
228 1228 1911
228 1841 1887
229 326 1275
229 497 788
229 691 1417
229 887 1479
229 1213 1457
230 1148 1175
231 511 923
231 758 1339
231 834 1692
231 1155 1559
231 1226 1795
231 1645 1752
232 310 739
232 600 1434
232 678 1156
232 770 1187
232 823 1554
232 1096 1615
232 1448 1679
232 1606 1687
233 348 1414
233 437 916
233 514 1578
233 1855 1932
234 309 1101
234 1171 1400
235 446 1314
235 506 1218
235 666 1911
236 438 1386
236 1153 1862
236 1222 1637
236 1429 1778
238 412 1359
238 437 1292
238 471 1615
238 479 1670
238 1063 1957
238 1179 1836
239 336 1660
239 440 810
239 690 1416
239 911 1518
239 1014 1199
239 1259 1881
239 1419 1693
240 446 1243
240 536 1151
240 572 1904
240 662 1589
240 769 1456
240 1049 1452
240 1178 1755
241 657 1104
241 680 860
241 717 1947
241 723 1743
241 902 1314
242 643 1550
242 771 1111
242 1059 1900
242 1216 1352
242 1617 1831
243 388 1577
243 418 1102
243 1333 1712
243 1382 1715
243 1462 1512
243 1594 1965
244 760 888
244 780 1610
244 1164 1345
244 1238 1415
244 1247 1948
244 1326 1404
245 382 709
245 389 1696
245 461 1983
245 656 1643
245 1221 1873
246 336 1553
246 550 1481
246 580 1858
246 590 867
246 1055 1667
246 1470 1987
247 428 1514
247 457 757
247 628 1337
247 895 952
247 922 1536
247 983 1645
247 1507 1785
248 331 1542
248 1121 1127
249 328 773
249 412 1872
249 792 1688
249 912 1420
250 275 650
250 297 1002
250 400 1284
250 443 880
250 519 1676
250 928 1747
250 1642 1736
251 407 1269
251 828 1711
251 856 1546
251 1252 1275
252 628 1419
252 732 820
252 987 1936
252 1121 1584
252 1352 1825
252 1415 1437
252 1444 1791
253 287 1948
253 852 1645
253 901 1113
253 1455 1499
253 1954 1970
254 273 952
254 412 990
254 898 927
254 913 1792
254 1004 1370
254 1043 1364
254 1561 1851
255 559 1421
255 693 1465
255 1306 1968
256 457 1168
256 541 1993
256 875 1108
257 598 731
257 699 1547
257 793 1036
257 1131 1506
258 280 1251
258 411 500
258 603 1529
258 620 1139
258 639 1559
258 641 899
258 785 1209
258 1167 1396
258 1786 1947
259 451 1977
259 474 1114
259 1915 1965
260 387 1946
260 493 1315
260 603 914
260 682 1090
260 803 1866
260 1454 1866
261 275 688
261 660 923
261 808 1335
261 877 1208
261 1007 1724
261 1061 1272
261 1497 1809
261 1683 1874
262 440 683
262 521 1800
262 887 1468
263 441 510
263 671 1455
263 1347 1529
263 1676 1725
264 271 692
264 272 592
264 372 1365
264 474 1664
264 1015 1848
265 643 1999
265 763 1969
265 799 1317
265 810 1433
265 1078 1852
265 1456 1793
265 1551 1756
265 1625 1901
266 287 1141
266 441 1538
266 648 1004
266 694 1219
266 1052 1090
266 1115 1927
267 281 829
267 735 1822
267 1408 1451
268 918 960
268 1342 1653
268 1387 1562
269 278 1637
269 386 1715
269 657 1087
269 994 1708
269 1101 1432
269 1413 1710
269 1871 1956
270 469 1668
270 565 1185
270 627 874
270 642 677
270 692 921
270 824 1326
270 1171 1683
270 1264 1980
270 1569 1721
271 346 1949
271 545 631
271 600 1342
272 497 1756
272 505 1233
272 586 986
272 765 1978
272 928 1137
272 956 1064
272 1134 1897
273 311 1246
273 355 1578
273 1021 1429
273 1405 1985
274 622 1827
274 1129 1461
275 597 1801
275 1194 1288
275 1270 1325
275 1330 1822
275 1428 1620
276 277 421
276 455 1471
276 677 1150
276 880 919
277 648 1910
277 1035 1268
277 1120 1367
277 1253 1642
277 1339 1814
277 1735 1950
278 393 1438
278 432 442
278 519 1038
278 566 959
278 746 1114
278 779 1675
278 973 1923
278 1084 1867
279 345 1977
279 424 561
279 501 952
279 926 1581
279 940 1684
279 1220 1756
279 1475 1693
280 429 1425
280 463 466
280 711 1866
280 845 1150
280 1260 1292
280 1607 1870
281 323 1362
282 324 807
282 376 1214
282 467 1409
282 627 862
282 722 1243
282 1002 1684
282 1424 1915
283 290 1889
283 341 1841
283 381 1990
283 601 1735
283 1069 1284
283 1069 1454
283 1326 1705
284 502 810
284 532 1373
284 542 1244
284 760 1493
284 820 1696
284 908 1277
284 1117 1397
284 1143 1370
284 1315 1487
285 376 725
285 400 1232
285 457 1496
285 489 1217
285 505 1845
285 546 868
285 704 1050
285 892 1307
285 1007 1890
286 351 835
286 427 607
286 587 905
286 1032 1885
286 1728 1961
286 1750 1931
287 290 1876
287 359 1718
287 523 910
287 646 1172
287 795 1320
287 900 1534
287 1010 1827
287 1024 1730
287 1757 1861
287 1918 1922
288 299 1449
288 366 1015
288 1103 1265
289 386 1203
289 1043 1811
289 1475 1864
289 1573 1727
290 576 1047
290 732 1623
290 782 1787
290 885 1069
290 916 1138
290 1154 1781
290 1274 1923
291 349 1103
291 483 1140
291 485 1834
291 501 1182
291 668 1270
291 1675 1966
292 780 1633
292 1196 1217
292 1276 1526
292 1352 1999
293 311 1020
293 568 1587
293 1113 1624
293 1278 1712
293 1478 1574
294 485 1738
295 399 1520
295 407 1523
295 685 1482
295 733 1446
295 814 826
295 971 1352
295 971 1507
295 994 1031
295 996 1352
295 1069 1390
295 1371 1401
295 1838 1861
296 357 1075
296 603 829
296 666 1403
296 1028 1172
296 1345 1715
297 464 888
297 796 1478
297 829 1368
297 831 1678
297 1123 1156
297 1311 1890
298 489 1389
298 494 1860
298 589 890
298 609 959
298 617 918
298 787 1472
298 1020 1371
298 1141 1474
298 1169 1305
299 347 481
299 521 1355
299 712 1444
299 844 1016
299 850 1426
299 968 1091
299 1342 1689
299 1832 1841
300 323 1111
300 365 1664
300 718 1829
300 851 1781
300 996 1896
300 1940 1943
301 362 1917
302 374 1508
302 379 1207
302 525 1287
302 653 1596
302 788 1706
302 965 1775
302 1204 1940
302 1226 1877
302 1701 1977
303 307 1756
303 421 1208
303 549 1421
303 582 746
303 669 1331
303 738 1625
303 772 928
303 1038 1914
303 1097 1971
303 1288 1468
304 411 1604
304 620 1272
304 889 1996
304 1238 1917
304 1494 1750
305 405 1760
305 620 1564
305 889 1088
305 1370 1848
306 430 1873
306 451 1809
306 637 1459
306 1393 1640
306 1726 1795
307 427 1695
307 822 1202
307 1119 1639
307 1643 1930
308 360 757
308 682 922
308 902 1924
308 1098 1563
308 1232 1749
308 1300 1443
309 360 1343
309 577 1186
309 595 1749
309 621 1985
309 747 1262
309 806 955
309 853 1207
309 1152 1597
309 1225 1870
309 1714 1795
310 314 1388
310 393 1718
310 468 1810
310 503 1779
310 588 1052
310 784 824
310 819 1118
310 933 1359
310 1064 1791
310 1282 1306
311 425 752
311 673 847
311 1608 1782
312 441 1715
312 1433 1648
313 339 1054
313 893 1082
313 978 1491
313 1238 1966
313 1398 1596
313 1457 1888
313 1498 1994
314 339 927
314 635 655
314 832 893
314 1172 1574
314 1367 1678
314 1426 1704
315 1261 1825
315 1409 1562
315 1410 1670
315 1677 1999
316 556 659
316 628 1134
316 864 1794
316 1033 1765
316 1318 1618
316 1341 1733
317 388 870
317 492 737
317 812 855
317 884 1754
317 989 1161
317 1560 1717
318 390 1288
318 1001 1872
319 322 1933
319 442 1728
319 784 1355
319 851 963
319 974 1943
319 1382 1559
320 471 1593
320 497 1243
320 516 811
320 1217 1572
321 465 1034
321 562 1674
321 860 1980
321 1672 1952
322 558 1313
322 741 1161
322 1126 1577
322 1231 1735
322 1516 1994
322 1795 1989
323 417 1838
323 426 1836
323 492 872
323 817 1721
323 1081 1340
324 452 1335
325 1208 1659
325 1464 1645
325 1722 1922
326 508 1011
326 1126 1447
326 1154 1526
326 1235 1547
327 735 1833
327 895 1211
328 364 1954
328 513 726
328 598 1111
328 790 1024
328 903 1456
328 906 1907
328 1036 1059
329 469 1604
329 692 1191
329 1023 1531
329 1484 1983
330 477 1515
330 623 1013
330 716 788
330 927 1443
330 1246 1435
330 1363 1464
330 1402 1710
331 528 941
331 561 1796
331 841 1005
331 1210 1595
331 1601 1655
331 1695 1808
332 814 1793
332 1794 1828
333 424 1616
333 713 1469
333 780 1412
333 858 1618
333 862 1738
333 1365 1879
334 703 1884
334 741 1832
334 958 1101
334 1170 1362
334 1250 1981
334 1358 1501
334 1491 1596
334 1561 1685
334 1792 1800
335 344 1709
335 485 1449
335 859 1747
335 879 1261
335 1475 1734
336 652 724
336 773 1316
336 1586 1705
336 1748 1919
336 1862 1946
337 420 1159
337 1500 1789
337 1572 1627
338 495 1682
338 632 1240
338 652 1460
338 677 1744
338 898 1649
338 1008 1012
338 1008 1803
338 1119 1214
338 1267 1338
338 1518 1666
339 346 1473
339 390 630
339 573 635
339 598 760
339 828 1677
339 1034 1510
339 1245 1501
339 1566 1837
340 474 1525
340 1027 1608
340 1159 1805
340 1301 1728
341 1231 1644
342 570 875
342 864 1576
342 1114 1152
342 1509 1765
343 515 1776
343 805 1514
343 989 1218
343 1018 1301
343 1212 1881
344 854 1819
344 913 1428
345 454 1256
345 542 1440
345 624 1468
345 788 915
345 853 943
345 988 1610
345 1006 1962
346 474 1989
346 621 1649
346 666 1689
346 793 1804
346 846 1499
346 1260 1836
347 482 676
347 515 1991
347 649 1963
347 1352 1597
348 391 1600
348 642 1318
348 1446 1610
349 790 1803
349 868 1019
349 969 1236
349 1288 1385
349 1849 1886
350 390 930
350 422 1611
350 729 737
350 1136 1585
350 1137 1231
350 1195 1451
351 599 1693
351 926 1293
351 952 1226
351 978 1893
351 993 1517
351 1102 1718
351 1205 1253
351 1452 1956
352 353 1426
352 359 1962
352 396 1224
352 555 1295
352 974 1409
352 1245 1862
353 712 1716
353 783 1484
353 1026 1109
353 1117 1690
353 1228 1929
353 1373 1482
354 941 1748
354 1097 1256
354 1103 1737
354 1279 1353
354 1314 1697
355 368 1891
355 381 1148
355 387 1856
355 401 1040
355 412 1508
355 616 1614
355 660 1548
355 1290 1566
356 919 1869
356 1103 1573
356 1176 1811
356 1326 1492
356 1359 1646
356 1700 1730
356 1744 1754
357 455 1346
357 606 1152
357 650 998
357 850 1098
357 854 883
357 1060 1688
358 421 1879
358 702 744
358 836 1443
358 1028 1162
359 471 1536
359 812 1900
359 858 1355
359 1327 1535
359 1524 1995
359 1574 1866
359 1745 1853
360 470 1757
360 626 1824
360 664 1480
360 838 1873
361 643 1881
361 878 1654
361 1341 1580
361 1475 1598
361 1486 1905
361 1782 1849
362 395 852
362 657 1307
362 836 1399
362 1277 1687
362 1356 1481
362 1455 1936
362 1736 1950
363 390 1698
363 606 1919
363 894 1610
363 1093 1617
363 1184 1626
364 482 1375
364 541 1725
364 578 1939
364 1127 1385
365 436 804
365 518 1443
365 875 1999
365 876 1900
365 966 1179
365 1040 1408
365 1340 1546
365 1351 1715
366 370 448
366 546 1202
366 622 1182
366 654 1013
366 670 761
366 1240 1669
366 1252 1755
366 1493 1695
367 791 1852
367 1016 1878
368 418 733
368 434 1941
368 602 1459
369 592 1756
370 389 1294
370 536 1470
370 867 1022
370 895 1748
370 1023 1352
370 1490 1547
371 400 1193
371 507 1945
371 553 1889
371 650 1923
371 688 955
372 675 735
372 696 1877
372 782 1892
372 921 1546
372 1500 1814
372 1765 1865
373 394 1076
373 572 1643
373 1024 1944
374 656 825
374 701 955
374 732 1328
374 1012 1743
374 1635 1642
374 1852 1915
375 436 1666
375 503 960
375 545 1648
375 706 1810
375 1243 1821
375 1275 1960
375 1606 1624
375 1729 1780
376 543 965
376 819 1334
376 1084 1747
376 1215 1539
376 1317 1763
376 1427 1729
377 460 1043
377 651 1790
377 1000 1332
377 1211 1448
377 1341 1860
378 415 1495
378 712 1795
378 766 1564
378 1303 1826
378 1529 1972
379 528 1568
379 720 793
379 1359 1826
379 1506 1524
380 523 1592
380 662 1324
380 928 1989
380 1351 1578
380 1502 1573
381 385 1457
381 528 1586
381 552 1698
381 560 1290
381 1225 1888
381 1338 1585
381 1672 1830
382 988 1571
383 785 1409
383 946 1092
383 1062 1111
383 1154 1781
384 474 706
384 505 825
384 618 665
384 1089 1805
385 444 724
385 532 942
385 594 824
385 1179 1775
385 1554 1858
386 404 1845
386 509 1653
386 549 1289
386 1272 1863
386 1616 1742
387 674 943
387 977 1430
388 450 1718
388 458 1639
388 553 1517
388 1305 1916
388 1349 1613
389 670 873
389 776 1254
389 808 1402
389 839 1848
390 1127 1184
390 1187 1681
391 401 1502
391 442 1866
391 456 611
391 789 1760
391 1276 1396
391 1317 1786
391 1346 1787
391 1914 1936
392 465 1925
392 1476 1823
393 511 1463
393 546 1243
393 553 636
393 639 1801
393 968 1644
393 1176 1961
394 434 1135
394 1158 1401
394 1547 1607
395 397 563
395 1197 1493
396 439 1351
396 1189 1244
397 412 1559
397 941 1244
397 1302 1592
398 435 800
398 678 1466
398 750 1642
398 881 1954
398 1075 1812
398 1540 1938
398 1541 1917
398 1748 1973
399 818 1717
399 1495 1811
399 1495 1884
400 532 1915
400 819 1461
400 911 954
400 1056 1450
400 1205 1710
401 429 1888
401 804 1433
402 465 623
402 909 1855
402 1251 1587
402 1303 1363
403 433 1908
403 643 1882
403 833 1521
403 862 1785
403 952 1868
403 1261 1549
403 1327 1440
403 1474 1494
404 434 1786
404 523 1916
404 1308 1469
405 604 1777
405 621 1968
405 1006 1488
406 1052 1969
406 1114 1438
406 1408 1890
406 1534 1695
407 773 1332
407 1499 1571
408 513 1992
408 601 905
408 604 1410
408 845 922
408 1014 1329
409 448 658
409 489 1577
409 523 924
409 774 1808
409 961 1993
409 1109 1689
409 1675 1704
410 443 1696
410 837 1828
411 767 800
411 809 1818
412 1093 1806
413 543 1383
413 567 1435
413 693 1983
413 776 1925
413 1152 1885
413 1276 1835
414 1117 1619
414 1335 1952
415 561 1454
415 897 1302
415 1123 1708
415 1146 1804
416 442 474
416 458 1496
416 845 1311
416 1323 1670
416 1534 1623
416 1637 1784
417 507 1549
417 976 1642
417 1084 1575
417 1306 1997
417 1729 1988
418 1038 1337
418 1127 1684
418 1519 1752
419 640 1479
419 860 1525
419 911 1955
419 984 1185
419 1202 1975
421 649 1908
421 656 1754
421 1181 1307
421 1556 1916
421 1622 1985
422 478 1716
422 568 1082
422 1136 1845
422 1202 1768
422 1725 1768
423 631 1896
423 1940 1959
424 595 1867
424 851 1859
424 1437 1703
424 1712 1993
425 552 1116
425 824 1508
425 963 1135
426 429 1754
426 446 838
426 456 1546
426 933 1282
427 1062 1111
427 1846 1938
428 629 1188
428 790 948
428 1004 1858
428 1202 1970
428 1293 1954
429 476 1962
429 478 1751
429 583 1307
429 879 1513
429 1152 1824
429 1416 1965
429 1562 1733
429 1576 1647
430 897 1660
430 1120 1554
430 1360 1867
431 603 742
431 679 1073
431 913 1626
431 1209 1695
432 468 1337
432 672 1118
432 725 1774
432 1306 1587
432 1567 1905
433 848 1459
433 1245 1728
434 870 1413
434 1484 1889
434 1651 1683
434 1876 1923
435 498 1080
435 535 1217
435 541 622
435 790 1663
436 519 1102
436 1005 1783
437 675 1924
438 611 1930
438 785 1183
438 1244 1507
438 1494 1950
439 492 1127
439 653 1752
439 1010 1050
439 1465 1633
440 579 1514
440 1599 1681
441 578 1068
441 1008 1371
441 1204 1860
441 1386 1956
441 1746 1903
442 445 1290
442 513 1208
442 662 1739
442 976 1370
442 1010 1949
442 1284 1618
442 1329 1967
443 459 1047
443 569 1129
443 824 984
443 855 1449
443 1479 1900
444 681 1585
444 699 1349
444 763 1630
444 843 1331
444 860 1889
444 1097 1415
444 1104 1678
444 1660 1759
445 494 1488
445 511 1475
445 887 1648
445 938 1756
445 1044 1378
445 1125 1180
446 560 1614
446 633 1741
446 697 892
446 738 1957
446 867 1482
446 972 1261
446 1308 1838
446 1404 1857
446 1692 1969
447 655 957
447 966 1464
447 1589 1719
448 509 1705
448 1236 1635
449 479 1451
449 604 1914
449 709 1405
449 1018 1225
449 1686 1815
450 813 1145
450 1207 1405
450 1378 1643
450 1446 1886
451 462 1672
451 816 1158
451 1155 1340
452 726 1599
452 1355 1406
453 455 730
453 491 1862
453 596 1448
453 610 906
453 677 1045
453 749 1003
453 785 890
453 881 1274
453 924 1004
453 948 1684
453 960 1877
453 1084 1393
454 613 1254
454 617 868
454 871 1555
454 932 1905
454 1830 1857
455 602 622
455 1313 1950
455 1403 1406
456 479 542
456 594 1947
456 662 1569
456 722 1347
456 1336 1619
456 1495 1743
456 1716 1747
457 556 1586
457 649 738
457 1625 1768
457 1656 1774
458 947 1021
458 1529 1816
459 540 943
459 906 1192
459 1578 1964
460 684 692
460 794 1862
460 851 1448
460 1060 1494
460 1361 1485
461 489 775
461 489 794
461 628 1039
461 706 1152
461 765 1297
461 1007 1908
461 1275 1993
462 604 1973
462 775 1218
462 781 1541
462 852 1072
462 1121 1191
462 1203 1690
463 619 1028
463 806 1349
463 833 928
463 838 1182
464 571 1009
464 1172 1236
464 1875 1905
465 574 724
465 723 965
466 550 621
466 1636 1855
467 862 1512
467 1026 1921
468 481 1467
468 787 1707
468 922 1795
468 1256 1916
469 1003 1799
469 1240 1517
470 924 1081
470 1145 1474
470 1233 1945
470 1295 1719
471 633 1998
471 662 1815
471 737 1851
471 745 1205
471 817 1283
471 1398 1511
471 1424 1780
471 1653 1880
472 657 1533
472 843 1213
472 1156 1223
472 1162 1657
472 1312 1882
473 684 1759
473 805 1753
473 1091 1784
474 559 1499
474 843 915
474 1202 1433
474 1704 1764
475 489 1562
475 686 985
475 802 1048
475 829 1995
475 995 1656
475 1184 1558
475 1337 1758
475 1580 1739
476 608 785
476 996 1279
476 1653 1956
477 613 625
477 1234 1416
477 1300 1747
478 713 1109
478 763 1027
478 767 1027
478 1536 1749
479 501 566
479 987 1811
479 1392 1858
479 1481 1924
480 486 1010
480 497 861
480 510 1996
480 774 826
481 714 1747
481 1413 1766
482 495 830
482 545 641
482 1295 1596
483 500 1437
483 660 921
483 1498 1943
484 590 601
484 1282 1378
484 1609 1847
485 837 1064
485 1160 1285
485 1569 1609
486 516 1010
486 780 1074
486 1280 1662
486 1296 1459
486 1621 1749
487 549 1113
487 562 1930
487 621 1113
487 892 1013
488 543 1006
488 924 1034
488 1431 1858
489 545 1759
489 555 1037
489 1255 1367
490 626 1977
490 629 841
490 1077 1996
490 1155 1576
491 1762 1812
492 1649 1755
493 1197 1812
494 776 1953
494 826 1087
494 976 1961
494 982 1705
494 1106 1194
494 1251 1996
496 550 904
496 777 966
496 1306 1815
496 1489 1582
497 603 1097
497 990 1651
497 1148 1596
497 1448 1561
497 1481 1564
497 1543 1782
497 1653 1689
498 655 1774
498 815 1001
498 1455 1800
499 795 1305
499 924 996
499 942 1732
500 562 621
500 566 1663
500 613 1717
500 655 1646
500 1177 1402
500 1288 1795
500 1395 1919
500 1824 1960
501 522 1429
501 853 953
501 1551 1748
502 565 1053
503 729 1792
503 957 1344
503 1223 1452
503 1562 1949
504 942 1194
505 733 1829
505 950 1287
505 1454 1714
506 511 1468
506 560 1961
506 579 810
506 1221 1647
507 754 1780
507 1099 1845
508 957 1502
508 1008 1816
508 1402 1963
509 519 1745
509 537 755
509 600 1351
510 926 1596
510 1032 1380
510 1291 1596
511 644 930
511 977 1548
511 1733 1910
512 574 916
512 1116 1893
512 1122 1175
513 621 1356
513 995 1426
513 1423 1580
513 1508 1568
513 1772 1806
514 1014 1512
514 1368 1448
515 892 1910
515 926 1866
515 1065 1875
515 1312 1840
515 1331 1486
516 870 1584
516 1616 1877
517 579 1765
517 680 1592
517 1955 1992
518 610 1831
518 710 1126
518 819 1393
518 1173 1593
518 1230 1713
520 525 1523
520 571 1970
520 1023 1843
521 794 1817
521 844 1884
521 940 1289
521 1054 1063
521 1222 1943
521 1608 1826
522 1020 1157
522 1235 1750
522 1671 1801
523 863 959
523 1171 1649
523 1376 1983
524 563 1337
524 947 1114
525 731 1063
525 834 1674
525 1146 1273
526 557 1180
526 1266 1267
527 589 1247
527 823 972
527 988 1218
528 590 954
528 717 1302
528 752 1977
528 791 1924
528 863 1552
528 909 1714
528 1624 1833
529 689 1157
529 953 1297
529 1009 1950
529 1139 1791
529 1399 1543
529 1469 1971
530 768 783
531 747 830
531 822 1707
531 1073 1457
532 577 683
532 825 1055
532 1298 1937
532 1335 1457
533 616 1818
533 1032 1541
533 1444 1623
534 585 1275
534 636 1209
534 666 1678
534 865 1759
534 1384 1715
535 1035 1960
535 1686 1884
536 583 1765
536 598 950
536 1101 1637
536 1367 1489
537 880 1500
537 1014 1651
538 858 1615
538 897 1848
538 1110 1184
538 1121 1291
539 558 685
539 570 1554
539 799 1185
539 824 941
539 1082 1685
539 1730 1742
541 561 564
541 575 1655
541 718 1195
541 797 1249
541 805 1210
541 847 1290
541 1318 1324
541 1449 1966
541 1452 1725
542 558 684
542 1360 1938
542 1928 1947
543 559 661
543 606 1709
544 1340 1886
545 695 1071
545 1540 1689
545 1577 1997
546 618 1814
546 661 1358
546 978 1618
546 1262 1865
546 1391 1548
546 1594 1792
546 1812 1825
546 1834 1837
547 650 1020
547 802 1398
547 904 1410
547 1045 1914
548 576 588
548 1134 1405
549 823 1622
549 1064 1681
549 1123 1410
550 1133 1940
550 1324 1326
551 705 1002
551 1241 1835
551 1285 1833
551 1628 1725
552 623 791
552 993 1760
553 776 823
553 823 1109
553 1057 1968
553 1087 1659
554 843 1008
554 919 1898
554 1072 1297
554 1273 1835
554 1486 1818
555 631 1440
555 730 1508
555 880 1575
555 1202 1472
555 1547 1860
556 599 961
556 644 693
556 681 1053
556 697 1379
556 1238 1543
557 772 1094
558 568 727
558 589 1550
558 609 1370
558 701 1209
558 1334 1363
558 1356 1418
558 1356 1870
558 1555 1840
559 766 1022
559 802 1187
559 1223 1997
559 1457 1773
559 1663 1729
560 630 1547
560 974 1547
561 617 1098
561 767 1632
561 787 1088
561 1345 1368
562 651 1437
562 659 973
563 591 1358
563 705 1834
564 614 995
564 654 944
564 766 1834
564 994 1883
564 1235 1624
565 1140 1421
565 1284 1584
565 1331 1495
566 730 1190
566 789 1692
566 1061 1233
566 1298 1404
566 1319 1926
566 1385 1624
566 1878 1987
567 652 1997
567 981 1520
568 673 983
568 708 1989
568 714 1954
568 749 1803
568 1165 1329
568 1317 1513
568 1838 1870
569 1036 1566
569 1088 1920
569 1286 1900
570 921 1948
570 1010 1701
570 1055 1333
570 1364 1598
570 1521 1921
570 1669 1836
571 692 1700
571 964 1257
571 1278 1824
571 1284 1718
571 1411 1472
573 1304 1767
574 596 1460
574 965 1746
574 995 1501
574 1421 1858
574 1466 1754
575 618 1276
575 891 1024
576 796 1865
576 835 1480
576 963 1803
576 1202 1507
577 668 798
577 1019 1542
577 1226 1837
577 1390 1889
577 1501 1807
578 651 1813
578 676 1966
578 998 1392
578 1087 1472
578 1549 1801
579 1495 1790
579 1498 1604
579 1656 1736
581 1025 1266
581 1501 1693
582 881 1857
582 1244 1981
582 1677 1860
582 1917 1974
583 1154 1756
583 1450 1469
584 801 1069
584 1002 1592
584 1043 1253
585 720 1965
585 1649 1849
586 666 1860
586 759 855
586 887 1405
586 1073 1613
586 1572 1668
586 1804 1841
587 703 1340
587 762 875
587 1303 1730
588 728 805
588 812 1434
589 643 1412
589 647 903
589 671 1227
589 678 683
589 716 1858
589 938 1819
589 1246 1458
590 821 1661
590 852 1885
590 1154 1809
590 1378 1603
590 1442 1877
590 1493 1541
590 1614 1985
590 1656 1769
591 984 1588
591 1298 1853
592 649 988
592 880 911
592 1111 1269
593 702 1779
593 865 1953
593 1192 1369
593 1383 1883
593 1614 1985
594 679 1741
594 865 1369
594 983 1139
594 1090 1504
594 1377 1516
594 1687 1942
595 1294 1423
595 1377 1549
595 1407 1921
595 1736 1974
596 642 1382
596 1386 1844
598 637 1176
598 727 1386
598 1409 1714
599 684 989
599 735 1849
599 1205 1543
599 1509 1908
600 706 1007
600 744 1230
600 824 1722
600 1051 1530
600 1480 1844
600 1758 1888
601 667 1220
601 688 738
601 781 1928
601 1186 1839
601 1579 1604
602 718 895
602 790 1117
602 1405 1779
603 1233 1991
603 1391 1522
603 1848 1873
604 610 1894
605 679 1504
605 854 1776
606 625 827
606 787 1669
606 989 1516
606 1856 1959
607 755 1007
607 791 1816
607 848 1285
607 1243 1597
608 790 1305
608 884 1259
608 1353 1837
608 1426 1496
609 649 1057
609 777 1865
609 971 1426
609 1107 1163
609 1125 1588
610 1659 1888
611 705 1003
612 835 913
612 1001 1679
612 1086 1934
613 700 819
613 879 1718
613 1023 1364
614 1332 1870
614 1663 1814
615 688 1224
615 761 767
615 888 1101
615 1182 1189
617 880 1755
617 1127 1348
617 1225 1428
618 633 833
618 638 1424
618 653 1983
618 707 1440
618 761 1981
618 801 1082
618 854 1293
618 986 1838
618 1017 1710
618 1085 1445
619 659 1031
619 1059 1403
619 1350 1745
619 1615 1891
620 713 1627
620 714 1801
620 834 1781
620 1140 1619
621 1152 1175
622 958 1847
622 1039 1528
622 1843 1967
623 859 1997
623 914 1316
623 969 1368
623 1097 1486
623 1411 1516
623 1616 1894
624 659 1584
624 674 1499
624 737 1739
624 810 1694
624 849 1703
624 1063 1244
624 1069 1928
624 1158 1942
624 1235 1814
624 1294 1857
624 1370 1483
624 1397 1733
624 1526 1968
625 944 1517
625 1934 1970
627 943 1741
628 643 1880
628 655 1418
628 1460 1978
629 665 1319
629 922 1664
629 1260 1567
630 866 1041
630 917 1232
630 1256 1922
630 1305 1401
630 1397 1812
630 1439 1584
631 649 1752
631 735 1957
631 761 809
631 913 1300
631 1043 1849
631 1188 1573
632 1159 1366
632 1359 1446
632 1378 1805
632 1636 1691
632 1793 1958
633 1026 1911
634 817 1808
634 1036 1523
634 1479 1917
635 757 963
635 919 1169
635 1148 1958
635 1372 1378
636 1063 1482
636 1098 1482
637 944 1833
638 644 1973
638 666 1562
638 1307 1661
638 1459 1677
639 791 1645
639 956 1061
639 1252 1829
640 1446 1988
640 1755 1958
641 748 1877
641 995 1386
641 1577 1597
642 757 1754
642 862 1777
642 1097 1365
642 1289 1818
642 1339 1689
642 1586 1694
643 1156 1698
644 684 1397
644 687 785
644 796 1090
644 873 874
645 732 974
645 749 1338
646 753 1776
646 1135 1828
646 1550 1919
647 1375 1558
648 885 932
648 1354 1370
648 1548 1989
650 830 1694
650 832 1698
650 1112 1639
650 1433 1658
650 1750 1854
651 756 1224
651 1000 1005
651 1014 1236
651 1108 1370
651 1636 1847
651 1698 1954
652 825 1855
652 835 1195
652 900 1937
653 692 1231
653 919 1263
653 1427 1468
654 1083 1684
654 1143 1424
654 1342 1811
655 683 1808
655 1427 1650
655 1490 1510
655 1522 1725
656 988 1935
657 695 1262
657 883 1982
657 1043 1758
657 1647 1683
658 801 846
658 921 958
658 1511 1921
658 1911 1964
659 823 1944
659 886 1537
659 1074 1867
659 1199 1383
659 1375 1398
660 706 1427
660 825 1182
660 836 1361
660 1066 1316
660 1119 1144
661 679 1713
661 905 1858
661 1102 1565
661 1436 1472
661 1444 1705
661 1460 1844
662 718 824
662 914 1714
662 932 1959
662 1387 1686
662 1483 1901
662 1538 1980
663 895 1585
663 972 1644
663 979 1215
663 1044 1051
663 1117 1945
663 1263 1494
663 1371 1571
663 1651 1985
664 816 907
664 1205 1643
664 1262 1521
664 1670 1956
665 705 982
665 735 1198
665 1070 1778
665 1417 1973
666 877 1301
666 1719 1978
667 1048 1651
667 1119 1340
667 1770 1857
668 749 791
668 898 1449
668 941 1462
668 1022 1342
669 1306 1624
669 1739 1836
669 1930 1992
670 676 1263
670 784 951
670 1337 1502
670 1423 1743
670 1539 1657
671 932 1392
671 1316 1440
671 1630 1785
672 967 1745
672 971 997
672 1025 1593
672 1036 1835
672 1176 1807
672 1303 1594
672 1537 1830
672 1544 1556
673 674 1185
673 718 989
673 781 1591
673 815 913
673 1014 1406
673 1271 1576
674 831 877
674 1027 1111
674 1459 1913
675 771 1251
675 790 1902
675 845 1140
675 1175 1956
675 1820 1906
676 1024 1700
676 1406 1629
677 818 1499
678 899 1228
678 1192 1315
679 737 1291
679 1231 1497
679 1287 1297
679 1474 1481
680 706 1194
680 726 1980
680 800 962
680 859 1469
680 873 1166
680 897 1347
680 971 1144
680 1328 1931
680 1361 1486
680 1461 1642
681 1228 1318
681 1299 1932
682 899 1104
682 925 1339
682 1743 1753
683 1094 1239
683 1596 1887
684 954 1404
684 975 1873
684 1086 1305
684 1172 1280
684 1252 1984
684 1339 1828
685 924 1731
686 857 1297
686 911 1749
686 1005 1241
686 1562 1688
687 697 1559
687 832 1187
687 844 1309
687 921 1189
687 943 1007
687 1809 1908
688 703 1460
689 693 748
689 722 1702
689 1014 1199
689 1257 1791
689 1431 1746
690 761 860
690 1230 1501
691 750 1204
691 1125 1227
691 1150 1590
691 1296 1538
692 993 1124
693 918 1896
694 756 1967
694 878 1698
694 927 1733
694 1006 1517
694 1185 1952
695 818 1381
695 880 1894
695 1903 1922
695 1947 1967
696 1670 1761
697 817 972
697 871 1663
697 1072 1775
697 1546 1613
698 795 1952
698 873 1099
698 1049 1616
698 1339 1945
699 1052 1917
700 744 1486
700 1051 1678
700 1133 1840
700 1756 1799
701 777 1260
701 1013 1800
701 1135 1810
701 1201 1207
701 1524 1588
702 1240 1705
702 1257 1953
702 1269 1309
703 931 1824
703 1000 1912
703 1118 1910
703 1339 1656
703 1406 1971
704 1137 1938
705 718 1082
705 879 1740
705 1083 1117
705 1261 1516
706 740 742
706 762 1520
706 767 1588
706 1021 1709
706 1047 1050
706 1432 1841
707 943 1826
707 1074 1260
707 1502 1889
707 1655 1970
707 1749 1969
708 755 1665
708 825 1808
709 778 1314
709 798 1501
709 1317 1404
709 1404 1479
709 1500 1780
710 711 947
710 954 1757
710 1187 1388
711 805 1672
711 928 1578
711 984 1948
711 1042 1740
711 1135 1879
711 1203 1943
711 1526 1866
712 993 1332
712 1017 1252
714 752 1039
714 1092 1855
714 1112 1792
714 1513 1747
715 1043 1365
715 1508 1981
716 771 1794
716 813 1755
716 1239 1897
716 1418 1631
717 1771 1878
718 822 1285
719 835 1038
719 836 1531
719 838 871
719 882 1925
719 1023 1052
719 1095 1619
720 1193 1703
720 1581 1710
721 842 1211
722 750 1118
722 1200 1265
723 1294 1763
724 848 987
724 884 1348
724 893 1160
724 896 1471
724 1852 1954
725 1168 1934
725 1336 1555
726 812 1644
727 1061 1903
727 1180 1709
727 1211 1980
727 1434 1534
727 1599 1940
729 1741 1766
730 763 1097
730 1066 1545
730 1443 1787
731 874 1212
731 885 1399
731 1004 1643
731 1170 1793
732 937 1140
732 1031 1064
733 1268 1449
734 879 1923
734 1263 1689
734 1505 1657
735 1074 1408
735 1241 1764
735 1578 1831
736 775 1654
736 919 1101
736 1123 1868
737 781 1287
737 791 1244
738 1050 1966
738 1180 1355
738 1295 1960
738 1351 1407
739 1025 1554
739 1436 1781
739 1475 1795
739 1633 1640
739 1661 1800
739 1790 1996
740 978 1037
740 1188 1894
740 1214 1813
740 1352 1689
740 1405 1565
741 766 1478
741 946 1793
741 1236 1591
742 1082 1399
743 1691 1999
744 1490 1630
745 1101 1351
745 1126 1600
746 810 1042
746 1001 1484
746 1416 1541
747 1133 1634
747 1486 1789
747 1603 1737
747 1849 1899
748 933 1307
748 1466 1736
750 1151 1590
751 792 1131
751 1184 1888
751 1213 1732
752 1047 1114
752 1126 1727
752 1886 1967
754 1422 1436
755 1018 1985
756 1049 1623
756 1053 1539
756 1146 1743
756 1170 1606
757 888 1712
757 974 1570
757 1248 1309
757 1329 1367
757 1679 1727
758 828 1567
758 949 1201
758 1176 1558
758 1682 1712
759 1086 1888
760 1330 1764
760 1471 1493
761 818 1105
761 933 1112
762 1011 1889
762 1571 1655
762 1804 1885
763 992 1188
763 1239 1806
764 940 1077
764 962 1438
766 841 1776
766 1021 1688
766 1116 1848
766 1292 1879
766 1382 1737
767 1007 1346
768 1136 1870
768 1239 1483
769 1502 1504
770 1120 1410
770 1182 1500
770 1544 1821
770 1737 1759
771 966 1467
771 1073 1800
772 1092 1410
772 1242 1612
772 1252 1915
772 1371 1860
773 912 1698
773 949 983
773 1176 1285
775 821 1052
775 875 1776
775 1413 1876
775 1550 1874
777 880 1881
777 1373 1675
778 807 1595
778 819 1010
778 1325 1739
778 1447 1782
778 1825 1940
778 1931 1983
779 877 1149
779 1237 1740
780 789 1858
780 923 1985
780 932 1080
781 885 1847
781 1187 1885
781 1494 1799
781 1867 1896
783 847 1985
783 1973 1992
784 1132 1363
784 1778 1911
785 1134 1431
786 853 1170
786 979 1588
786 1121 1915
786 1223 1842
786 1700 1904
787 833 866
787 999 1969
788 993 1840
788 1856 1953
790 983 1106
790 1087 1754
790 1242 1724
791 1325 1855
792 819 1388
792 930 1003
793 1088 1611
793 1285 1691
794 986 1857
795 1099 1921
796 1069 1647
796 1180 1729
796 1203 1972
797 1004 1518
797 1178 1951
797 1263 1479
797 1464 1469
798 1458 1937
799 1033 1312
799 1092 1217
799 1381 1931
799 1652 1775
800 1030 1601
800 1086 1673
800 1523 1864
800 1533 1964
800 1673 1864
801 811 1607
801 834 1218
801 921 1349
801 949 1221
801 1148 1354
802 1222 1338
802 1558 1788
803 1352 1956
804 823 1723
804 1584 1597
805 882 1708
805 1467 1592
806 825 1653
806 1065 1223
807 1346 1732
807 1356 1737
808 865 1455
808 934 1017
808 1121 1829
808 1494 1631
808 1918 1952
809 1184 1720
809 1711 1829
810 1126 1472
810 1300 1459
810 1777 1811
811 909 1182
811 966 1606
811 979 1680
811 1133 1305
813 958 1618
813 982 1794
813 1286 1433
813 1759 1785
814 1088 1652
815 1015 1706
816 1248 1822
817 1125 1986
818 1148 1385
818 1811 1866
819 1416 1530
819 1439 1899
820 1206 1378
820 1237 1964
821 950 1610
823 962 1111
823 1394 1729
823 1479 1720
824 1393 1593
824 1430 1558
824 1497 1501
825 1030 1464
825 1314 1333
825 1422 1850
826 835 1618
827 878 1371
827 1071 1226
827 1164 1210
827 1236 1899
827 1362 1810
828 1074 1133
828 1526 1938
829 1234 1849
830 865 1507
831 975 1912
831 1270 1311
832 1078 1317
832 1552 1983
833 1043 1679
833 1082 1445
833 1358 1612
833 1661 1901
834 1275 1743
834 1635 1760
835 1097 1758
836 874 1319
836 932 1998
837 1163 1580
838 1539 1985
839 951 996
839 1544 1644
840 928 1867
840 1465 1587
841 915 1198
841 1117 1194
842 925 1690
842 941 1510
842 1221 1916
842 1441 1997
843 1267 1722
843 1629 1642
843 1668 1756
844 871 1222
844 1936 1952
845 1146 1811
845 1208 1613
845 1928 1955
847 897 1429
847 927 1880
847 1069 1410
848 925 1444
848 944 1439
848 1284 1370
848 1370 1704
849 870 1319
849 973 1530
849 1867 1891
850 1313 1589
850 1891 1937
851 1508 1923
852 976 1034
852 1372 1946
853 922 1803
853 1087 1930
854 879 1274
854 1401 1676
854 1498 1535
856 1101 1809
856 1511 1823
857 945 1331
857 1073 1354
857 1518 1914
858 864 1354
858 903 1676
858 985 1077
858 1003 1918
858 1054 1742
858 1131 1856
859 978 1553
861 1063 1264
861 1628 1777
862 875 1005
862 1283 1527
863 1610 1871
864 875 1380
864 1032 1106
864 1202 1600
864 1372 1640
864 1403 1978
865 978 1714
865 1214 1761
865 1249 1430
865 1594 1829
867 1070 1850
868 885 1432
868 936 1964
869 884 1302
869 1158 1689
869 1263 1920
869 1511 1547
869 1891 1941
870 956 1096
870 1826 1854
871 1239 1786
872 1178 1632
873 1385 1629
874 969 1266
874 1318 1659
874 1801 1851
875 1313 1656
875 1331 1457
875 1397 1616
875 1842 1976
876 1049 1397
877 1307 1502
877 1339 1465
877 1350 1537
877 1367 1681
878 1009 1057
878 1040 1927
878 1383 1637
879 911 1110
879 930 1816
879 1197 1535
879 1405 1941
880 934 1251
880 1167 1313
880 1312 1847
881 1070 1371
882 1067 1328
882 1341 1511
883 919 1186
883 960 1088
883 1230 1997
884 1763 1975
885 916 1314
885 1141 1902
885 1218 1659
885 1465 1739
887 1129 1787
887 1395 1521
888 965 1407
888 1598 1723
889 939 1445
891 1664 1848
891 1723 1848
892 894 1728
892 1133 1551
893 1123 1185
893 1266 1407
893 1569 1990
894 1573 1632
894 1578 1940
894 1597 1876
894 1862 1884
896 936 1941
896 1241 1766
896 1527 1700
898 1370 1556
898 1730 1961
899 1178 1340
899 1666 1668
901 1066 1712
901 1732 1758
902 1020 1108
903 1025 1942
903 1132 1697
903 1268 1661
904 1003 1633
904 1317 1900
904 1419 1706
904 1442 1527
904 1577 1731
905 1245 1495
905 1781 1860
906 1562 1700
907 1005 1750
907 1185 1484
907 1831 1849
908 978 1693
908 1258 1670
908 1469 1683
908 1640 1821
909 1151 1921
910 1103 1799
910 1118 1901
910 1314 1820
910 1371 1431
910 1636 1964
911 991 1945
912 919 1030
912 952 1413
912 1005 1923
912 1090 1240
912 1383 1573
912 1390 1516
914 1697 1774
915 1211 1943
916 1196 1403
917 1003 1585
917 1071 1480
917 1653 1890
917 1680 1719
918 996 1628
918 1251 1845
918 1270 1524
918 1437 1927
919 1352 1656
921 1078 1410
921 1193 1363
921 1296 1834
921 1455 1898
922 925 960
924 1147 1814
925 1048 1887
925 1108 1128
925 1375 1725
925 1594 1604
926 1031 1938
926 1683 1847
927 1194 1561
927 1500 1589
928 1164 1697
929 997 1653
929 1130 1170
929 1428 1979
930 1394 1875
930 1925 1987
931 976 1287
931 1422 1576
932 946 1465
932 1058 1097
932 1642 1841
934 955 1373
934 1151 1925
934 1353 1887
935 953 1547
935 974 1368
935 1194 1988
935 1303 1475
935 1346 1662
937 1517 1793
938 1141 1464
938 1457 1862
939 1414 1935
940 948 1560
942 1173 1318
942 1283 1698
942 1284 1417
943 1052 1118
943 1078 1781
943 1154 1404
943 1567 1858
946 961 1068
946 1005 1111
946 1203 1922
946 1833 1882
948 1183 1598
948 1251 1902
948 1261 1515
948 1296 1635
948 1495 1952
949 963 1025
949 1018 1210
950 1119 1150
951 1050 1431
951 1165 1229
952 1071 1422
952 1164 1915
952 1203 1920
952 1260 1649
953 1085 1473
954 978 992
954 1061 1062
954 1792 1940
955 1190 1322
955 1355 1906
957 1038 1991
958 1354 1901
959 1053 1359
959 1125 1877
959 1250 1870
960 970 1580
960 1298 1466
960 1534 1622
960 1674 1844
962 1068 1105
962 1587 1843
962 1829 1858
963 1099 1924
964 1077 1773
964 1087 1929
965 1024 1150
965 1419 1565
966 1145 1908
966 1552 1927
967 1238 1462
968 981 1889
969 975 1344
969 1025 1969
969 1030 1034
969 1369 1395
970 1397 1612
970 1425 1900
971 1379 1812
971 1716 1949
971 1803 1893
972 1034 1171
972 1105 1993
973 1146 1451
974 1105 1622
974 1676 1940
975 1214 1829
975 1318 1739
976 1046 1576
976 1738 1766
977 1248 1644
978 1365 1649
978 1765 1935
979 1053 1386
980 1137 1472
980 1461 1526
980 1520 1929
981 1450 1664
981 1662 1855
982 1763 1924
983 1518 1564
983 1540 1869
985 986 1949
985 1634 1711
985 1639 1738
986 1324 1868
986 1478 1816
987 1657 1718
988 1048 1667
988 1107 1758
988 1204 1430
988 1476 1708
988 1584 1808
989 1101 1519
990 1308 1525
990 1455 1797
990 1751 1911
991 1079 1942
991 1273 1433
992 1230 1320
992 1269 1335
992 1327 1563
993 1021 1116
994 1030 1151
995 1168 1870
995 1950 1993
996 1125 1582
997 1004 1265
997 1008 1365
997 1332 1883
997 1376 1904
997 1570 1677
998 1234 1600
998 1828 1874
999 1333 1691
1000 1426 1991
1000 1555 1854
1001 1340 1400
1001 1513 1548
1002 1180 1673
1003 1258 1686
1005 1118 1276
1005 1221 1809
1005 1665 1850
1006 1033 1790
1007 1367 1848
1007 1677 1755
1008 1042 1861
1008 1136 1440
1008 1186 1724
1008 1494 1738
1009 1051 1975
1010 1251 1453
1010 1349 1867
1011 1017 1971
1011 1261 1514
1012 1145 1609
1013 1380 1724
1014 1029 1939
1014 1787 1989
1015 1024 1524
1016 1415 1471
1017 1090 1912
1017 1405 1938
1019 1130 1143
1020 1527 1593
1024 1814 1822
1026 1700 1704
1027 1124 1441
1027 1158 1706
1028 1278 1549
1028 1591 1878
1029 1275 1913
1030 1241 1667
1030 1794 1925
1032 1139 1577
1032 1174 1432
1033 1514 1741
1033 1850 1923
1034 1121 1678
1035 1254 1693
1036 1285 1360
1037 1118 1921
1037 1302 1711
1037 1371 1430
1038 1252 1793
1039 1261 1522
1040 1502 1956
1040 1699 1976
1040 1806 1946
1041 1254 1277
1041 1486 1855
1041 1579 1629
1041 1756 1941
1042 1169 1722
1043 1401 1464
1043 1629 1823
1044 1087 1433
1044 1349 1742
1044 1728 1800
1045 1222 1734
1045 1330 1394
1045 1492 1811
1045 1523 1628
1046 1174 1299
1046 1212 1407
1046 1338 1980
1047 1254 1437
1049 1155 1619
1049 1274 1691
1050 1438 1512
1050 1646 1900
1051 1164 1889
1052 1293 1735
1053 1329 1531
1054 1128 1267
1054 1714 1982
1054 1771 1845
1055 1073 1382
1055 1129 1813
1055 1483 1530
1056 1614 1988
1058 1552 1942
1058 1587 1971
1059 1351 1482
1059 1452 1662
1059 1696 1815
1060 1627 1835
1061 1253 1862
1061 1645 1835
1062 1130 1883
1062 1430 1888
1063 1188 1559
1063 1259 1371
1064 1407 1871
1064 1542 1603
1065 1532 1709
1066 1073 1192
1067 1069 1156
1067 1291 1929
1068 1146 1421
1069 1336 1656
1069 1512 1535
1069 1937 1993
1071 1617 1651
1072 1121 1240
1072 1357 1994
1073 1403 1890
1073 1560 1768
1074 1323 1598
1074 1489 1607
1074 1808 1815
1075 1310 1434
1075 1318 1377
1076 1253 1322
1077 1402 1704
1077 1873 1993
1078 1327 1530
1078 1475 1560
1079 1345 1889
1079 1438 1744
1079 1443 1519
1079 1802 1924
1080 1512 1843
1082 1404 1878
1083 1358 1995
1084 1173 1452
1085 1524 1829
1086 1104 1627
1086 1212 1887
1086 1520 1802
1087 1862 1926
1089 1135 1145
1089 1766 1833
1090 1094 1181
1091 1203 1938
1091 1309 1781
1093 1156 1936
1093 1589 1800
1095 1117 1498
1095 1910 1977
1097 1539 1825
1098 1138 1172
1099 1359 1831
1099 1405 1923
1099 1457 1962
1099 1748 1947
1100 1609 1975
1101 1136 1453
1101 1172 1471
1101 1363 1934
1102 1288 1892
1102 1861 1869
1103 1124 1650
1103 1147 1154
1103 1268 1836
1103 1340 1864
1104 1174 1389
1104 1434 1712
1105 1133 1410
1106 1257 1323
1109 1124 1325
1109 1557 1699
1109 1584 1857
1110 1511 1667
1111 1482 1500
1112 1150 1504
1112 1357 1688
1112 1924 1937
1113 1206 1267
1113 1228 1389
1113 1316 1327
1115 1280 1838
1115 1390 1607
1116 1162 1817
1116 1267 1583
1118 1155 1893
1119 1230 1946
1119 1251 1986
1119 1297 1589
1119 1474 1855
1120 1551 1861
1121 1195 1399
1122 1397 1584
1122 1825 1866
1126 1559 1818
1128 1347 1657
1129 1887 1912
1130 1282 1372
1130 1660 1775
1131 1476 1579
1133 1472 1919
1134 1196 1655
1134 1366 1650
1136 1849 1908
1137 1370 1505
1137 1966 1993
1138 1307 1372
1139 1413 1533
1140 1469 1853
1140 1610 1819
1141 1766 1774
1143 1631 1746
1144 1242 1736
1145 1147 1660
1145 1151 1844
1145 1370 1769
1145 1888 1956
1147 1319 1508
1147 1441 1582
1147 1743 1850
1148 1321 1500
1149 1471 1588
1149 1728 1936
1149 1850 1942
1151 1652 1956
1152 1234 1443
1152 1365 1855
1152 1430 1614
1153 1357 1728
1154 1523 1620
1154 1527 1567
1156 1482 1602
1157 1380 1500
1157 1814 1863
1157 1830 1918
1158 1570 1582
1158 1605 1650
1159 1766 1870
1160 1250 1342
1160 1317 1769
1160 1691 1754
1162 1454 1991
1163 1190 1422
1164 1827 1890
1165 1212 1695
1165 1350 1516
1165 1458 1837
1166 1359 1901
1167 1395 1953
1168 1270 1789
1168 1403 1899
1170 1225 1447
1171 1253 1962
1172 1228 1843
1172 1464 1647
1172 1579 1820
1173 1189 1209
1173 1739 1934
1174 1218 1424
1175 1229 1648
1176 1540 1914
1177 1234 1608
1177 1390 1848
1178 1192 1788
1179 1218 1881
1179 1355 1716
1179 1731 1892
1180 1733 1872
1180 1771 1807
1182 1194 1943
1182 1531 1550
1183 1187 1820
1184 1282 1408
1187 1640 1860
1188 1688 1984
1188 1776 1845
1194 1707 1923
1196 1604 1899
1197 1542 1733
1199 1258 1635
1199 1406 1968
1199 1459 1916
1200 1222 1324
1200 1233 1250
1200 1298 1486
1200 1552 1889
1201 1224 1816
1201 1364 1446
1202 1371 1872
1202 1419 1927
1203 1223 1589
1204 1367 1606
1205 1406 1715
1208 1532 1674
1208 1695 1715
1212 1331 1639
1212 1746 1888
1213 1447 1767
1213 1860 1879
1214 1453 1714
1214 1467 1582
1216 1611 1801
1217 1416 1664
1218 1495 1653
1218 1794 1929
1219 1292 1839
1219 1441 1832
1219 1691 1995
1219 1768 1981
1221 1869 1955
1222 1939 1946
1223 1498 1536
1223 1590 1643
1224 1824 1982
1225 1364 1880
1227 1519 1711
1229 1233 1739
1230 1269 1661
1230 1802 1969
1232 1514 1665
1233 1401 1972
1233 1567 1946
1234 1542 1912
1234 1771 1806
1237 1388 1936
1239 1839 1940
1240 1304 1380
1240 1526 1837
1240 1625 1996
1242 1329 1885
1243 1469 1917
1244 1444 1791
1246 1452 1950
1246 1729 1839
1249 1302 1949
1249 1504 1786
1249 1702 1750
1250 1335 1956
1250 1673 1895
1251 1366 1939
1252 1452 1714
1253 1673 1695
1254 1419 1687
1254 1427 1521
1255 1270 1292
1255 1596 1893
1255 1967 1990
1256 1419 1593
1257 1396 1867
1257 1577 1591
1257 1653 1775
1258 1864 1897
1261 1493 1989
1262 1411 1685
1262 1473 1826
1263 1371 1814
1263 1482 1861
1263 1577 1635
1263 1832 1926
1265 1576 1908
1266 1270 1341
1266 1485 1582
1267 1548 1716
1268 1291 1664
1268 1509 1584
1271 1546 1661
1271 1715 1725
1272 1572 1746
1273 1486 1610
1275 1296 1499
1276 1502 1830
1276 1736 1893
1277 1372 1897
1277 1400 1617
1278 1419 1507
1278 1453 1844
1279 1740 1899
1279 1915 1986
1280 1289 1449
1281 1512 1527
1284 1492 1740
1285 1645 1806
1286 1770 1885
1287 1309 1401
1287 1383 1946
1287 1630 1997
1289 1296 1593
1289 1464 1628
1289 1543 1814
1290 1454 1565
1292 1406 1605
1295 1424 1665
1297 1447 1781
1298 1447 1945
1298 1516 1603
1298 1524 1530
1299 1412 1994
1299 1450 1612
1300 1548 1779
1301 1439 1800
1301 1596 1669
1303 1703 1738
1305 1592 1688
1307 1821 1846
1308 1317 1434
1310 1433 1596
1310 1660 1906
1311 1645 1877
1312 1333 1421
1312 1629 1818
1312 1648 1674
1312 1667 1720
1316 1392 1799
1316 1443 1816
1319 1553 1615
1320 1481 1632
1321 1550 1991
1322 1454 1656
1322 1807 1839
1326 1411 1505
1326 1412 1900
1327 1461 1929
1329 1539 1927
1331 1373 1628
1332 1623 1917
1334 1557 1626
1334 1574 1677
1335 1408 1659
1335 1626 1802
1337 1425 1478
1346 1767 1923
1355 1586 1723
1356 1382 1810
1356 1652 1922
1357 1874 1986
1358 1370 1595
1358 1618 1921
1359 1713 1888
1361 1653 1840
1364 1404 1987
1364 1643 1861
1365 1671 1922
1365 1716 1810
1366 1423 1522
1368 1441 1552
1374 1696 1807
1375 1409 1720
1375 1495 1804
1376 1420 1697
1376 1483 1806
1376 1502 1754
1377 1485 1668
1378 1524 1800
1380 1429 1671
1380 1649 1864
1380 1841 1901
1381 1456 1957
1382 1450 1680
1382 1631 1653
1383 1490 1767
1383 1622 1839
1383 1637 1881
1384 1420 1638
1387 1451 1689
1387 1545 1594
1388 1410 1422
1389 1444 1722
1389 1935 1997
1390 1593 1970
1390 1654 1913
1392 1604 1768
1395 1906 1944
1396 1549 1565
1397 1530 1989
1398 1421 1956
1399 1501 1935
1399 1550 1787
1401 1418 1629
1401 1596 1752
1401 1613 1850
1402 1591 1906
1404 1435 1892
1405 1536 1794
1406 1514 1883
1406 1705 1880
1407 1756 1967
1409 1531 1736
1409 1620 1671
1412 1656 1864
1416 1460 1835
1420 1492 1849
1423 1847 1944
1425 1865 1939
1427 1504 1818
1427 1558 1626
1428 1476 1949
1431 1555 1926
1431 1653 1893
1432 1560 1723
1434 1439 1632
1434 1691 1930
1437 1817 1989
1441 1504 1808
1442 1459 1992
1445 1478 1630
1445 1793 1869
1448 1628 1826
1448 1839 1958
1450 1734 1750
1453 1538 1725
1453 1630 1635
1453 1669 1709
1457 1575 1636
1459 1502 1845
1460 1526 1933
1461 1686 1808
1463 1549 1926
1465 1641 1650
1465 1771 1782
1468 1638 1941
1469 1524 1822
1471 1500 1763
1471 1656 1920
1475 1751 1758
1475 1780 1901
1477 1965 1987
1478 1479 1989
1479 1490 1601
1479 1731 1904
1481 1816 1952
1481 1846 1997
1482 1595 1678
1487 1503 1839
1489 1550 1873
1491 1502 1667
1495 1889 1912
1499 1527 1938
1504 1585 1700
1516 1548 1992
1517 1671 1803
1519 1529 1619
1522 1614 1845
1522 1860 1938
1524 1552 1825
1528 1625 1807
1530 1561 1847
1532 1905 1938
1535 1743 1983
1536 1615 1873
1540 1654 1803
1540 1657 1990
1541 1555 1773
1544 1674 1907
1556 1800 1865
1556 1888 1905
1558 1622 1729
1560 1817 1990
1563 1639 1680
1571 1755 1873
1578 1777 1998
1579 1718 1931
1585 1809 1981
1587 1791 1981
1588 1608 1981
1588 1743 1931
1589 1672 1802
1591 1615 1946
1597 1600 1988
1597 1825 1874
1598 1753 1775
1599 1929 1987
1600 1601 1796
1601 1643 1978
1602 1664 1682
1607 1660 1902
1613 1629 1879
1619 1655 1943
1625 1864 1943
1649 1771 1972
1650 1901 1915
1651 1831 1944
1653 1769 1914
1656 1783 1843
1659 1703 1768
1664 1821 1842
1672 1853 1893
1695 1706 1984
1695 1760 1969
1698 1834 1971
1703 1722 1881
1707 1901 1956
1710 1950 1958
1737 1761 1901
1742 1851 1902
1743 1854 1860
1743 1889 1914
1750 1793 1924
1752 1846 1986
1767 1865 1928
1773 1778 1861
1785 1827 1926
1812 1904 1928
1827 1863 1884
1834 1991 1994
1841 1960 1982
1842 1873 1999
1846 1885 1940
1887 1945 1994
1901 1902 1998
