1899 9709
0 514
0 619
0 710
0 1049
1 14
1 190
1 732
1 805
1 1407
1 1766
1 1780
2 260
2 302
2 314
2 563
2 631
2 639
2 1096
2 1109
2 1469
2 1662
3 341
3 506
3 677
3 976
3 1045
3 1171
3 1230
3 1244
3 1651
4 10
4 126
4 449
4 717
4 757
4 979
4 1398
4 1763
5 819
5 948
5 972
5 1228
5 1355
5 1583
5 1726
5 1787
5 1868
5 1897
6 315
6 453
6 523
6 781
6 1178
6 1311
6 1372
6 1514
7 111
7 154
7 179
7 379
7 1879
8 251
8 369
8 437
8 479
8 570
8 748
8 1019
8 1041
8 1138
8 1327
8 1602
8 1805
8 1824
8 1869
9 119
9 158
9 237
9 363
9 554
9 664
9 794
9 809
9 904
9 1171
9 1407
9 1629
9 1863
10 106
10 361
10 459
10 658
10 795
10 859
10 1240
10 1402
10 1688
10 1733
10 1878
11 63
11 109
11 216
11 259
11 644
11 703
11 853
11 1247
11 1293
11 1461
11 1663
12 458
12 537
12 789
12 830
12 1065
12 1152
12 1359
12 1839
13 308
13 863
13 1209
13 1676
14 156
14 500
14 506
14 1075
14 1297
14 1309
15 34
15 144
15 393
15 508
15 1371
15 1482
15 1734
16 23
16 406
16 434
16 485
16 562
16 674
16 767
16 1406
16 1536
16 1723
16 1872
17 171
17 549
17 802
17 830
17 1208
18 26
18 78
18 115
18 157
18 205
18 367
18 437
18 654
18 659
18 788
18 843
18 902
18 955
18 1229
18 1266
18 1346
18 1569
18 1732
18 1827
19 28
19 58
19 576
19 821
19 936
19 1125
19 1260
19 1465
19 1477
19 1479
19 1826
20 38
20 232
20 271
20 465
20 828
20 1143
20 1233
21 262
21 287
21 363
21 386
21 532
21 950
21 1053
21 1267
22 306
22 664
22 1062
22 1145
22 1181
22 1312
22 1337
23 58
23 122
23 300
23 440
23 537
23 689
23 700
23 1442
23 1476
23 1522
23 1649
24 184
24 569
24 939
24 1082
24 1668
24 1771
24 1772
24 1798
25 67
25 474
25 491
25 726
25 1152
25 1428
25 1677
25 1694
26 29
26 245
26 410
26 710
26 819
26 1021
26 1161
26 1188
26 1593
26 1744
27 50
27 173
27 231
27 874
27 985
27 1125
27 1290
27 1635
28 224
28 329
28 624
28 632
28 1252
28 1300
29 476
29 769
29 1002
29 1522
29 1587
29 1721
30 277
30 676
30 724
30 817
30 861
30 881
30 1125
30 1690
30 1718
31 78
31 130
31 706
31 725
31 904
31 1256
31 1271
31 1316
31 1358
31 1375
31 1422
31 1453
31 1559
31 1655
31 1765
31 1853
32 306
32 581
32 787
32 860
32 1031
32 1186
32 1824
32 1864
33 709
33 779
33 781
33 1096
33 1248
33 1468
33 1521
33 1663
33 1679
33 1750
34 142
34 587
34 905
34 944
34 1000
34 1051
34 1494
34 1526
34 1767
34 1867
35 443
35 1071
35 1315
35 1719
35 1882
36 190
36 396
36 512
36 547
36 549
36 603
36 784
36 1020
36 1041
36 1160
37 173
37 196
37 368
37 483
37 552
37 724
37 821
37 837
37 1076
37 1130
37 1224
37 1232
37 1461
37 1485
37 1755
37 1775
38 81
38 120
38 466
38 578
38 718
38 1435
38 1620
38 1683
39 59
39 182
39 475
39 553
39 889
39 911
39 1012
39 1026
39 1170
39 1242
39 1307
39 1374
39 1496
39 1513
39 1604
39 1617
39 1739
39 1794
39 1883
40 98
40 404
40 686
40 687
40 1359
40 1381
40 1712
41 74
41 382
41 521
41 679
41 698
41 917
41 951
41 1126
41 1289
42 334
42 535
42 707
42 762
42 840
42 1254
42 1271
42 1862
43 114
43 126
43 174
43 319
43 363
43 547
43 783
43 1059
43 1383
43 1821
43 1825
44 73
44 194
44 272
44 299
44 342
44 412
44 633
44 940
44 957
44 1166
44 1180
44 1250
44 1432
44 1760
45 364
45 703
45 945
45 1002
45 1216
45 1226
45 1825
46 53
46 55
46 862
46 1375
46 1477
47 130
47 278
47 501
47 579
47 680
47 805
47 1015
47 1141
47 1218
47 1282
47 1289
47 1316
47 1540
47 1611
47 1656
47 1770
47 1892
48 186
48 221
48 238
48 292
48 703
48 868
48 946
48 1023
48 1073
48 1124
48 1157
48 1166
48 1288
48 1541
49 57
49 109
49 371
49 561
49 905
49 1059
49 1111
49 1118
49 1151
49 1599
49 1650
49 1693
50 522
50 663
50 735
50 767
50 1058
50 1219
50 1687
50 1798
51 267
51 279
51 361
51 458
51 524
51 532
51 897
51 967
51 1000
51 1014
51 1090
51 1183
51 1193
51 1713
51 1749
52 332
52 534
52 665
52 791
52 831
52 878
52 976
52 977
52 1215
52 1335
52 1369
52 1416
52 1501
52 1519
52 1702
52 1781
52 1784
53 384
53 526
53 837
53 888
53 1040
53 1093
53 1381
53 1399
53 1500
53 1512
53 1680
53 1764
54 699
54 786
54 896
54 965
54 1114
54 1200
54 1271
54 1292
55 278
55 1195
55 1232
55 1269
55 1413
55 1558
55 1645
55 1705
56 197
56 391
56 494
56 578
56 588
56 617
56 620
56 627
56 770
56 1018
56 1056
56 1082
56 1125
56 1389
56 1516
56 1676
56 1836
56 1864
57 199
57 227
57 775
57 885
57 1009
57 1435
57 1628
58 103
58 356
58 589
58 831
58 1038
58 1446
58 1475
58 1857
59 193
59 270
59 463
59 490
59 656
59 878
59 1075
59 1437
59 1443
59 1531
59 1581
59 1678
59 1796
60 379
60 404
60 541
60 591
60 606
60 616
60 739
60 740
60 954
60 1527
61 686
61 808
61 1233
61 1585
61 1678
62 579
62 784
62 1015
62 1187
62 1377
63 609
63 617
63 707
63 759
63 779
63 860
63 916
63 1294
63 1463
63 1676
63 1801
63 1857
64 280
64 474
64 539
64 978
64 1337
64 1403
64 1457
64 1463
64 1593
64 1624
64 1875
65 400
65 1205
65 1593
65 1625
65 1691
65 1750
66 67
66 202
66 206
66 249
66 577
66 814
66 819
66 947
66 1227
66 1330
66 1549
66 1560
66 1593
66 1617
66 1854
66 1881
67 384
67 472
67 511
67 530
67 650
67 1017
67 1025
67 1061
67 1159
67 1244
67 1260
67 1348
67 1376
67 1377
67 1429
67 1625
67 1633
67 1808
67 1890
68 118
68 149
68 327
68 643
68 663
68 728
68 760
68 897
68 1166
68 1446
68 1580
69 576
69 595
69 1215
69 1248
69 1392
69 1482
69 1487
69 1648
69 1772
69 1780
69 1869
69 1889
70 91
70 320
70 583
70 924
70 1514
70 1577
70 1630
70 1641
70 1650
71 83
71 255
71 588
71 675
71 1130
71 1211
71 1251
72 94
72 127
72 604
72 611
72 653
72 677
72 1049
72 1154
72 1334
72 1492
72 1603
72 1702
73 556
73 765
73 872
73 977
73 996
73 1021
73 1160
73 1279
73 1310
73 1344
73 1702
74 90
74 141
74 241
74 424
74 473
74 570
74 778
74 924
74 1686
75 140
75 295
75 654
75 675
75 702
75 779
75 1126
75 1325
75 1433
76 411
76 1443
76 1706
76 1895
77 175
77 299
77 334
77 467
77 811
77 1172
77 1192
77 1343
77 1387
77 1409
77 1629
77 1690
78 168
78 283
78 298
78 316
78 952
78 1047
78 1220
78 1539
78 1547
78 1575
78 1583
78 1672
78 1876
79 650
79 688
79 746
79 899
79 1022
79 1129
79 1190
79 1420
80 230
80 916
80 1024
80 1152
80 1181
80 1205
80 1283
80 1434
80 1620
80 1659
80 1757
80 1855
81 205
81 529
81 564
81 677
81 1064
81 1069
81 1141
81 1177
81 1306
81 1634
81 1723
82 101
82 388
82 463
82 580
82 605
82 777
82 848
82 1073
82 1223
82 1526
82 1688
83 104
83 426
83 1139
83 1564
83 1689
84 374
84 529
84 630
84 862
84 965
84 1226
85 519
85 584
85 595
85 601
85 617
85 623
85 682
85 880
85 1084
85 1270
85 1528
85 1766
85 1781
85 1859
86 347
86 612
86 867
86 1328
86 1399
86 1605
86 1689
86 1746
86 1809
87 273
87 521
87 691
87 717
87 868
87 1017
87 1237
87 1641
87 1815
87 1829
87 1858
88 389
88 533
88 706
88 819
88 845
88 915
88 1214
88 1371
88 1425
88 1515
88 1882
89 300
89 467
89 1119
89 1181
89 1462
89 1571
89 1601
89 1649
90 271
90 403
90 553
90 617
90 1054
90 1124
90 1735
91 201
91 221
91 287
91 323
91 956
91 1003
91 1044
91 1137
91 1216
91 1293
91 1421
91 1428
91 1663
91 1799
92 257
92 289
92 443
92 452
92 586
92 687
92 701
92 1099
92 1373
92 1399
92 1405
92 1462
93 210
93 898
93 901
93 1477
93 1513
93 1535
93 1851
94 502
94 515
94 604
94 1106
94 1363
94 1643
94 1812
95 211
95 298
95 395
95 403
95 701
95 882
95 1564
95 1690
95 1799
96 111
96 458
96 636
96 1005
96 1443
96 1595
96 1602
96 1760
97 128
97 383
97 419
97 1007
97 1029
97 1283
97 1308
97 1536
97 1655
98 173
98 255
98 271
98 1034
98 1846
99 277
99 278
99 643
99 938
99 976
99 1583
99 1722
100 114
100 450
100 555
100 1068
100 1119
100 1314
101 146
101 206
101 357
101 432
101 748
101 842
101 877
101 1017
101 1166
101 1440
101 1478
102 247
102 439
102 484
102 711
102 867
102 942
102 997
102 1503
102 1803
102 1895
103 1394
103 1506
103 1819
103 1861
104 414
104 662
104 724
104 734
104 926
104 981
104 1243
104 1306
104 1486
104 1499
104 1510
104 1535
104 1555
104 1600
104 1678
104 1700
105 421
105 773
105 800
105 802
105 1106
105 1411
105 1560
106 374
106 862
106 950
106 1153
107 270
107 381
107 411
107 452
107 631
107 758
107 1074
107 1698
107 1733
107 1766
108 193
108 361
108 498
108 714
108 846
108 877
108 911
108 1191
108 1885
109 346
109 1002
109 1175
109 1456
109 1458
109 1757
110 150
110 175
110 445
110 605
110 1013
110 1097
110 1567
110 1719
110 1731
111 709
111 1177
111 1696
112 139
112 280
112 427
112 689
112 922
112 1038
112 1478
112 1707
112 1896
113 162
113 468
113 514
113 716
113 789
113 841
113 952
113 976
113 1009
113 1614
113 1791
113 1857
114 277
114 666
114 728
114 1546
114 1670
114 1720
115 312
115 527
115 1148
115 1173
115 1409
115 1592
115 1665
116 178
116 307
116 435
116 483
116 489
116 649
116 659
116 717
116 738
116 802
116 881
116 946
116 966
116 1116
116 1125
116 1168
116 1268
116 1476
116 1538
116 1595
116 1620
116 1649
116 1707
116 1879
117 392
117 460
117 495
117 872
117 983
117 1084
117 1098
117 1287
117 1507
117 1756
117 1807
117 1851
118 133
118 137
118 185
118 530
118 741
118 1024
118 1089
118 1495
118 1773
118 1811
118 1814
118 1848
119 337
119 829
119 1022
119 1375
119 1549
119 1587
119 1805
119 1878
120 260
120 292
120 799
120 892
120 1112
120 1123
120 1194
120 1283
120 1445
120 1718
121 203
121 338
121 547
121 640
121 1002
121 1146
121 1793
122 401
122 414
122 556
122 650
122 1329
122 1599
122 1633
122 1873
123 243
123 711
123 1171
123 1748
124 192
124 196
124 287
124 616
124 761
124 796
124 817
124 960
124 1364
124 1412
124 1866
125 266
125 610
125 1040
125 1328
125 1594
125 1644
125 1671
125 1716
125 1802
125 1863
125 1877
126 129
126 475
126 798
126 938
126 991
126 1050
126 1182
126 1283
126 1354
126 1526
126 1543
126 1607
126 1661
126 1718
127 94
127 223
127 405
127 751
127 962
127 1579
128 232
128 434
128 554
128 1379
128 1419
128 1702
129 306
129 599
129 705
129 790
129 862
129 1154
129 1530
129 1894
130 239
130 257
130 439
130 505
130 753
130 781
130 783
130 1094
130 1448
130 1451
130 1590
131 504
131 640
131 690
131 754
131 849
131 1031
131 1137
131 1143
131 1242
131 1302
131 1324
131 1377
131 1498
131 1637
131 1657
131 1801
132 813
132 950
132 1173
132 1261
132 1556
132 1818
132 1829
133 243
133 430
133 437
133 482
133 551
133 758
133 865
133 911
133 1047
133 1096
133 1111
133 1194
133 1217
133 1268
133 1346
133 1690
134 360
134 601
134 1395
134 1398
134 1572
134 1687
135 198
135 463
135 588
135 780
135 927
135 1714
136 177
136 223
136 392
136 552
136 957
136 960
136 1151
136 1157
136 1215
136 1292
136 1689
137 145
137 341
137 355
137 499
137 543
137 819
137 1016
137 1415
137 1693
138 286
138 358
138 750
138 883
138 1057
138 1143
138 1156
138 1207
138 1573
138 1622
138 1740
138 1746
138 1833
138 1841
139 332
139 531
139 616
139 917
139 1232
139 1311
139 1397
139 1547
139 1585
139 1717
139 1789
140 231
140 241
140 679
140 749
140 894
140 946
140 1152
140 1228
140 1308
140 1602
141 230
141 412
141 438
141 568
141 596
141 648
141 786
141 870
141 1004
141 1247
141 1300
141 1304
141 1443
142 213
142 280
142 294
142 570
142 572
142 747
142 788
142 915
142 932
143 240
143 246
143 311
143 419
143 632
143 730
143 741
143 794
143 1014
143 1085
143 1190
144 34
144 370
144 811
144 824
144 826
144 1178
144 1188
144 1237
144 1853
145 241
145 888
145 950
145 977
145 1001
145 1235
145 1352
145 1830
146 321
146 793
146 924
146 1081
146 1170
146 1312
146 1447
146 1453
146 1654
146 1889
147 269
147 273
147 319
147 414
147 484
147 911
147 926
147 1055
147 1084
147 1103
147 1469
147 1549
147 1847
148 382
148 584
148 682
148 859
148 1062
148 1269
148 1781
148 1791
149 360
149 426
149 507
149 744
149 1066
150 1544
150 1880
151 155
151 345
151 486
151 490
151 570
151 816
151 849
151 1099
151 1138
151 1195
151 1335
151 1789
152 656
152 674
152 775
152 795
152 1480
152 1489
152 1797
152 1801
152 1835
153 536
153 600
153 688
153 861
153 1365
154 170
154 255
154 294
154 405
154 1345
154 1432
154 1477
155 264
155 676
155 726
155 796
155 874
155 913
155 962
155 1107
155 1570
155 1705
155 1878
156 201
156 259
156 306
156 425
156 471
156 475
156 525
156 660
156 865
156 900
156 1803
157 201
157 470
157 612
157 814
157 843
157 1048
157 1150
157 1194
157 1418
157 1507
157 1757
157 1766
157 1772
157 1826
158 214
158 215
158 434
158 513
158 761
158 856
158 982
158 1010
158 1312
158 1472
158 1511
158 1805
159 292
159 497
159 499
159 641
159 1074
159 1204
160 420
160 764
160 816
160 892
160 1159
160 1284
160 1405
160 1420
160 1461
160 1651
160 1820
160 1847
161 168
161 278
161 333
161 399
161 460
161 1184
161 1385
161 1523
162 254
162 257
162 302
162 682
162 866
162 1245
162 1395
163 185
163 256
163 636
163 776
163 833
163 937
163 1008
163 1013
163 1083
163 1360
163 1658
164 792
164 880
164 903
164 1099
164 1479
164 1624
164 1778
164 1895
165 700
165 952
165 1000
165 1808
166 188
166 258
166 1236
166 1443
167 368
167 630
167 800
167 1000
167 1130
167 1219
167 1221
168 293
168 317
168 763
168 823
168 981
168 1442
168 1474
168 1553
168 1807
169 380
169 445
169 832
169 836
169 1027
169 1435
169 1461
169 1805
170 189
170 467
170 739
170 1069
170 1235
170 1570
170 1655
170 1823
171 559
171 946
171 1012
171 1228
171 1238
172 446
172 550
172 733
172 786
172 1126
172 1248
173 185
173 240
173 1432
173 1488
173 1673
173 1764
173 1770
174 244
174 390
174 603
174 1231
174 1377
174 1384
174 1434
174 1553
174 1727
175 364
175 827
175 899
175 960
175 1108
175 1134
175 1267
175 1290
175 1325
175 1408
175 1537
175 1680
175 1788
175 1811
175 1848
175 1877
176 1648
176 1781
176 1857
177 228
177 259
177 975
177 1106
177 1269
177 1384
177 1569
177 1640
178 979
178 1041
178 1204
178 1386
178 1448
178 1622
179 111
179 250
179 397
179 471
179 500
179 530
179 556
179 614
179 1055
179 1066
179 1110
179 1297
179 1525
179 1569
179 1582
179 1731
179 1890
180 339
180 340
180 424
180 449
180 744
180 807
180 814
180 968
180 1060
180 1354
180 1558
180 1886
181 509
181 677
181 1062
181 1113
182 411
182 747
182 1009
182 1177
182 1847
183 352
183 784
183 894
183 968
183 1263
183 1439
183 1514
183 1609
183 1830
184 244
184 323
184 930
184 1076
184 1116
184 1128
184 1154
184 1272
184 1435
184 1477
184 1551
184 1682
184 1799
184 1836
185 255
185 320
185 725
185 900
185 920
185 1307
185 1327
185 1358
185 1523
185 1546
185 1633
185 1720
186 584
186 721
186 858
186 1788
187 665
187 914
187 1268
187 1377
187 1569
187 1606
187 1637
187 1691
187 1830
187 1874
187 1890
188 263
188 505
188 909
188 1093
188 1118
188 1510
188 1675
188 1771
188 1788
188 1833
189 259
189 344
189 482
189 668
189 968
189 1002
189 1182
189 1242
189 1274
189 1345
189 1394
189 1402
189 1881
190 230
190 313
190 352
190 428
190 429
190 659
190 708
190 893
190 956
190 1008
190 1129
190 1161
190 1384
190 1426
190 1427
190 1454
190 1518
190 1612
190 1772
190 1883
191 206
191 373
191 1231
191 1282
191 1301
191 1434
192 591
192 777
192 852
192 1062
192 1368
192 1417
192 1762
193 288
193 621
193 1018
193 1100
193 1461
193 1558
193 1623
193 1688
194 216
194 365
194 396
194 1103
194 1356
194 1447
194 1612
194 1701
194 1748
194 1777
194 1835
194 1852
194 1863
195 1138
195 1261
195 1542
195 1543
195 1721
196 173
196 343
196 652
196 773
196 797
196 1540
196 1824
196 1873
197 370
197 480
197 701
197 751
197 940
197 1250
197 1532
197 1783
198 253
198 944
198 1036
198 1312
198 1345
198 1423
198 1459
198 1488
198 1558
198 1610
199 243
199 266
199 324
199 626
199 723
199 917
199 1048
199 1232
199 1259
199 1275
199 1596
199 1648
199 1811
200 242
200 992
200 1072
200 1213
200 1591
200 1792
201 411
201 910
201 1088
201 1139
201 1695
201 1877
202 413
202 498
202 826
202 858
202 876
202 1017
202 1308
202 1538
203 240
203 290
203 483
203 500
203 905
203 1148
203 1402
203 1632
204 382
204 909
204 1333
204 1441
204 1449
204 1747
204 1834
205 620
205 621
205 627
205 1079
205 1162
205 1168
205 1282
205 1331
205 1474
206 265
206 272
206 370
206 450
206 591
206 822
206 1030
206 1167
206 1188
206 1897
207 208
207 217
207 279
207 400
207 721
207 835
207 898
207 909
207 1006
207 1099
207 1130
207 1142
207 1173
207 1339
207 1526
207 1634
207 1729
207 1780
208 566
208 612
208 657
208 925
208 1042
208 1633
209 694
209 809
209 948
209 1302
209 1532
210 255
210 627
210 795
210 858
210 1250
210 1477
210 1621
210 1651
210 1768
210 1804
211 447
211 552
211 667
211 1079
211 1336
211 1391
211 1512
211 1548
211 1611
212 786
212 1115
212 1287
212 1328
212 1448
212 1556
212 1571
212 1737
213 251
213 526
213 1574
213 1643
213 1774
214 864
214 1015
214 1198
214 1576
214 1877
215 483
215 741
216 109
216 869
216 975
216 989
216 1536
217 811
217 1718
218 817
218 1030
218 1099
218 1528
218 1554
218 1685
219 756
219 1248
219 1647
220 297
220 330
220 644
220 1032
220 1075
220 1155
220 1208
220 1265
220 1329
220 1430
220 1486
220 1792
220 1886
221 718
221 1266
222 223
222 302
222 1081
222 1112
222 1696
222 1804
223 751
223 777
223 890
223 907
223 1191
223 1286
223 1660
224 568
224 766
224 986
224 1188
224 1212
225 544
225 690
225 1027
225 1029
225 1036
225 1701
225 1782
225 1785
225 1880
226 271
226 781
226 1275
226 1510
227 199
227 286
227 430
227 871
227 948
227 1646
227 1654
227 1842
228 298
228 446
228 771
228 840
228 1078
228 1183
228 1299
228 1304
228 1702
228 1747
228 1750
228 1797
229 283
229 459
229 488
229 587
229 596
229 706
229 738
229 827
229 846
229 1370
229 1524
229 1558
229 1870
230 582
230 593
230 677
230 689
230 737
230 985
230 1030
230 1213
230 1233
230 1261
230 1264
230 1423
230 1613
231 235
231 425
231 774
231 1255
231 1328
231 1605
231 1741
232 324
232 697
232 857
232 1538
232 1558
232 1636
233 702
233 1777
234 447
234 600
234 753
234 765
234 813
234 1021
234 1127
234 1297
234 1347
234 1523
234 1721
235 368
235 371
235 399
235 664
235 779
235 806
235 1043
235 1128
235 1249
235 1329
235 1652
235 1667
235 1719
235 1877
236 440
236 534
236 593
236 691
236 820
236 1011
236 1066
236 1146
236 1364
236 1522
236 1556
236 1729
236 1866
237 495
237 513
237 975
237 1315
238 1129
238 1769
239 346
239 386
239 570
239 784
239 938
239 963
239 1033
239 1082
239 1329
239 1632
240 359
240 598
240 687
240 847
240 1269
240 1276
240 1613
241 577
241 646
241 666
241 688
241 731
241 869
241 1116
242 632
242 1019
242 1203
242 1271
242 1426
242 1461
242 1566
242 1615
242 1720
243 519
243 532
243 729
243 771
243 849
243 1608
243 1635
243 1744
243 1797
243 1892
244 718
244 750
244 914
244 1211
244 1321
244 1474
245 401
245 520
245 632
245 761
245 803
245 835
245 938
245 1210
245 1339
245 1494
245 1718
246 814
246 968
246 1054
246 1123
246 1528
246 1891
247 433
247 1063
247 1436
248 361
248 457
248 675
248 745
248 994
248 1047
248 1081
248 1151
248 1211
248 1443
248 1536
248 1571
248 1732
248 1883
249 367
249 420
249 803
249 1179
249 1206
249 1560
249 1572
249 1771
249 1880
250 472
250 545
250 665
250 682
250 726
250 807
250 859
250 865
250 903
250 957
250 1167
250 1212
250 1347
250 1566
251 515
251 577
251 913
251 1280
251 1370
251 1679
251 1826
252 308
252 345
252 405
252 491
252 503
252 649
252 781
252 796
252 822
252 1087
252 1099
252 1129
252 1177
252 1207
252 1626
252 1665
252 1854
253 1381
253 1704
253 1711
254 406
254 971
254 977
254 979
254 1069
254 1216
254 1295
254 1334
254 1342
254 1516
254 1523
254 1579
254 1814
254 1819
254 1830
255 336
255 685
255 1524
255 1779
255 1846
256 265
256 347
256 967
256 1186
256 1628
257 409
257 620
257 634
257 1000
257 1051
257 1085
257 1578
257 1716
257 1801
258 310
258 578
258 826
258 1412
258 1589
258 1643
258 1833
258 1868
258 1883
259 490
259 516
259 812
259 897
259 936
259 1267
259 1717
259 1838
260 344
260 473
260 481
260 562
260 746
260 772
260 996
260 1628
260 1736
261 465
261 599
261 1006
261 1239
261 1570
261 1696
261 1701
262 329
262 340
262 987
262 1088
262 1241
262 1366
262 1496
262 1647
262 1741
263 601
263 654
263 824
263 1075
263 1254
263 1368
263 1677
264 687
264 753
264 765
264 907
264 972
264 994
264 1031
264 1042
264 1219
264 1360
264 1425
264 1452
264 1887
265 266
265 389
265 641
265 665
265 709
265 739
265 963
265 1307
265 1459
265 1601
266 277
266 399
266 496
266 1364
266 1392
266 1583
266 1630
266 1838
267 592
267 716
267 796
267 817
267 1315
267 1341
267 1889
268 1113
268 1385
269 493
269 866
269 1062
269 1271
269 1324
269 1566
270 325
270 737
270 782
270 1043
270 1250
270 1326
271 492
271 559
271 563
271 647
271 827
271 1350
271 1370
271 1606
271 1888
272 755
272 790
272 950
272 1128
272 1378
272 1453
273 340
273 400
273 623
273 755
273 814
273 1045
273 1169
273 1665
273 1792
274 367
274 506
274 548
274 725
274 886
274 1154
274 1176
274 1279
274 1569
274 1663
275 553
275 690
275 1589
275 1827
276 464
276 529
276 830
276 926
276 1080
276 1460
276 1482
276 1489
276 1729
276 1780
277 500
277 662
277 790
277 941
277 1027
277 1111
277 1177
277 1214
277 1421
277 1581
277 1598
277 1656
277 1869
278 430
278 580
278 601
278 823
278 911
278 1329
278 1362
278 1441
278 1759
279 304
279 341
279 511
279 766
279 938
279 1000
279 1218
279 1318
280 365
280 373
280 451
280 673
280 810
280 937
280 1345
280 1361
280 1466
280 1473
280 1534
280 1670
280 1767
280 1855
281 354
281 818
281 842
281 1292
281 1335
281 1559
282 419
282 1102
282 1204
282 1720
283 386
283 462
283 480
283 568
283 704
283 782
283 784
283 806
283 922
283 996
283 1471
283 1592
284 463
284 893
284 985
284 1517
284 1582
284 1608
284 1665
284 1763
284 1876
285 383
285 588
285 660
285 1737
286 420
286 617
286 622
286 763
286 1019
286 1471
286 1634
287 321
287 811
287 1099
287 1278
287 1479
287 1484
288 656
288 908
288 1791
289 415
289 623
289 998
289 1061
289 1247
289 1298
289 1418
289 1558
289 1676
289 1772
290 513
290 569
290 904
290 1135
290 1764
291 408
291 435
291 679
291 856
291 1213
291 1559
291 1655
291 1887
292 333
292 401
292 526
292 675
292 710
292 790
292 825
292 882
292 1026
292 1413
293 365
293 541
293 568
293 627
293 647
293 1055
293 1064
293 1508
293 1687
293 1744
294 469
294 693
294 1049
294 1446
294 1671
294 1834
295 444
295 785
295 1099
295 1146
295 1317
296 344
296 541
296 813
296 950
296 1256
296 1440
296 1451
296 1617
297 546
297 665
297 846
297 1571
298 313
298 365
298 424
298 749
298 759
298 1374
298 1751
299 272
299 396
299 754
299 767
299 821
299 1023
299 1255
299 1396
299 1878
300 736
300 810
300 913
300 914
300 975
300 1205
300 1220
300 1684
300 1704
301 429
301 464
301 492
301 526
301 626
301 745
301 802
301 1138
301 1200
301 1275
301 1426
301 1427
301 1584
301 1743
301 1845
302 223
302 1165
302 1221
302 1320
302 1428
302 1473
303 457
303 656
303 1029
303 1121
303 1252
303 1319
304 389
304 671
304 775
304 811
304 832
304 874
304 921
304 1114
304 1132
304 1622
304 1750
304 1751
304 1864
305 654
305 667
305 914
305 969
305 1221
305 1583
305 1676
305 1678
305 1758
305 1867
305 1893
306 459
306 560
306 583
306 797
306 996
306 997
306 1604
306 1877
307 604
307 636
307 762
307 834
307 908
307 1266
307 1557
307 1757
307 1802
308 533
308 809
308 863
308 1515
308 1640
308 1682
308 1685
309 322
309 423
309 678
309 724
309 1086
309 1212
309 1435
309 1473
309 1514
309 1563
309 1856
310 440
310 489
310 625
310 777
310 865
310 1024
310 1025
310 1310
310 1341
310 1829
311 553
311 675
311 1080
311 1356
312 460
312 685
312 746
312 1044
312 1616
312 1632
312 1785
312 1790
312 1859
313 501
313 878
313 1269
313 1548
313 1553
313 1629
313 1652
313 1883
314 317
314 600
314 1048
314 1220
314 1381
314 1443
314 1581
314 1805
315 372
315 800
315 824
315 927
315 1041
315 1241
315 1459
315 1544
316 684
316 897
316 1259
316 1264
316 1287
316 1585
317 293
317 503
317 516
317 998
317 1048
318 342
318 446
318 528
318 531
318 933
318 1415
318 1633
318 1698
318 1810
318 1853
318 1889
319 126
319 445
319 554
319 622
319 681
319 1028
319 1048
319 1203
319 1391
319 1514
319 1850
319 1860
319 1862
320 350
320 721
320 1275
320 1311
320 1440
320 1637
320 1751
321 435
321 457
321 518
321 634
321 681
321 978
321 996
321 1238
321 1285
321 1464
321 1653
321 1685
321 1715
321 1746
322 712
322 994
322 1051
322 1166
322 1622
322 1707
322 1733
322 1782
323 244
323 347
323 355
323 492
323 529
323 799
323 1132
323 1583
323 1586
323 1603
323 1853
324 243
324 383
324 481
324 663
324 678
324 685
324 1062
324 1241
324 1266
324 1332
325 363
325 1022
325 1036
325 1040
325 1389
325 1462
325 1649
326 560
326 609
326 808
326 836
326 985
326 991
326 1007
326 1172
326 1285
326 1315
326 1356
326 1435
326 1517
326 1542
326 1718
326 1873
327 400
327 601
327 712
327 916
328 487
328 842
328 943
328 1284
329 631
329 758
329 1032
329 1184
329 1476
329 1556
329 1811
329 1897
330 452
330 892
330 1017
330 1334
330 1338
330 1413
330 1474
330 1478
330 1513
330 1717
330 1814
331 342
331 372
331 640
331 938
331 956
331 1177
331 1251
331 1409
331 1567
331 1577
331 1609
331 1613
332 403
332 760
332 1257
332 1344
332 1683
333 278
333 966
333 1058
333 1319
333 1671
333 1770
333 1852
334 435
334 631
334 1070
334 1268
334 1667
335 822
335 930
335 1021
335 1185
335 1245
335 1577
335 1643
336 389
336 433
336 556
336 585
336 786
336 927
336 1361
336 1883
337 351
337 475
337 614
337 729
337 793
337 895
337 1067
337 1123
337 1161
337 1167
337 1207
337 1219
337 1269
337 1292
337 1302
337 1502
337 1648
337 1789
338 845
338 967
338 1233
338 1352
338 1683
338 1734
338 1844
339 584
339 722
339 1103
339 1204
339 1238
340 375
340 482
340 1479
340 1653
341 520
341 635
341 750
341 1003
341 1309
341 1699
341 1726
342 544
342 787
342 854
342 949
342 955
342 956
342 1499
342 1522
342 1690
342 1717
342 1721
343 495
343 553
343 1179
343 1253
343 1782
344 259
344 385
344 493
344 547
344 913
344 946
344 1097
344 1449
344 1695
344 1713
344 1802
344 1856
345 500
345 545
345 1508
345 1729
345 1749
345 1849
346 717
346 786
346 911
346 1344
346 1381
346 1628
346 1806
346 1868
347 855
347 1018
347 1194
347 1516
348 622
348 820
348 950
348 1184
348 1273
348 1311
348 1361
348 1670
348 1713
348 1764
349 367
349 571
349 622
349 685
349 1086
349 1100
349 1108
349 1227
349 1273
349 1303
349 1456
349 1592
349 1701
349 1729
349 1781
349 1829
350 725
350 798
350 885
350 906
350 913
350 1162
350 1446
350 1550
350 1726
350 1738
351 447
351 544
351 850
351 1001
351 1016
351 1060
351 1104
351 1788
352 726
352 867
352 870
352 1291
352 1494
352 1615
352 1819
352 1832
353 445
353 707
353 1072
353 1144
353 1295
353 1505
353 1535
353 1735
354 400
354 488
354 949
354 1229
354 1528
354 1816
354 1892
355 341
355 715
355 736
355 745
356 1105
356 1509
357 146
357 415
357 836
357 981
357 1663
358 481
358 807
358 826
358 869
358 972
358 1225
358 1379
358 1704
358 1707
359 420
359 425
359 484
359 659
359 668
359 786
359 1326
359 1420
359 1680
359 1714
359 1733
359 1771
359 1846
360 1556
360 1719
361 193
361 433
361 843
361 1148
361 1416
361 1493
362 415
362 520
362 1189
363 734
363 973
364 392
364 637
364 1057
364 1230
364 1237
364 1587
364 1842
364 1870
365 501
365 690
365 809
365 813
365 875
365 1057
365 1094
365 1187
365 1248
365 1268
365 1302
365 1494
365 1538
365 1639
365 1857
366 385
366 535
366 796
366 1072
366 1192
366 1228
366 1745
366 1892
367 157
367 656
367 680
367 775
367 806
367 925
367 986
367 1005
367 1152
367 1424
367 1517
367 1806
368 1264
368 1364
368 1455
368 1824
369 543
369 839
369 1025
369 1060
369 1314
369 1549
369 1707
370 558
370 854
370 1263
370 1751
371 408
371 477
371 769
371 1076
372 757
372 1379
372 1477
372 1488
373 431
373 738
373 984
373 989
373 1036
373 1054
373 1713
373 1729
373 1850
373 1887
374 461
374 517
374 540
374 594
374 598
374 801
374 1305
374 1742
375 923
375 1001
375 1027
375 1157
375 1383
375 1610
376 421
376 894
376 918
376 1013
376 1016
376 1327
376 1340
376 1468
376 1478
376 1494
376 1832
376 1871
377 661
377 1004
377 1772
377 1870
377 1885
378 402
378 547
378 832
378 839
378 921
378 1002
378 1018
378 1707
378 1843
379 511
379 631
379 1347
379 1585
379 1723
380 513
380 839
380 1322
380 1455
381 520
381 523
381 779
381 925
381 1123
381 1142
381 1800
382 387
382 642
382 869
382 998
382 1110
382 1134
382 1288
382 1372
382 1610
382 1636
382 1696
383 387
383 1072
383 1080
383 1315
383 1869
383 1891
384 654
384 987
384 1094
384 1340
384 1436
384 1513
384 1590
384 1762
385 664
385 674
385 1650
386 363
386 845
386 974
386 1292
386 1409
386 1490
386 1525
387 657
387 972
387 1147
387 1366
387 1385
387 1679
387 1681
387 1853
388 593
388 626
388 649
388 712
388 1029
389 415
389 570
389 634
389 681
389 827
389 920
389 978
389 1164
389 1403
389 1659
389 1666
389 1838
389 1876
390 1171
390 1414
390 1419
390 1645
390 1849
391 601
391 730
391 1169
391 1699
391 1769
392 508
392 587
392 727
392 765
392 940
392 1017
392 1154
392 1284
392 1438
392 1525
392 1804
393 664
393 982
393 1065
393 1748
393 1812
393 1858
393 1860
394 474
394 694
394 1115
394 1161
394 1191
394 1247
394 1665
394 1783
395 542
395 687
395 714
395 741
395 794
395 922
395 1428
395 1511
395 1757
396 629
396 750
396 849
396 890
396 919
396 988
396 1119
396 1220
396 1393
396 1689
396 1701
396 1755
396 1877
396 1894
397 511
397 787
397 810
397 895
397 908
397 946
397 1091
397 1417
397 1555
397 1670
397 1699
398 476
398 781
398 804
398 1274
398 1863
399 493
399 530
399 1059
399 1214
399 1220
399 1785
400 523
400 932
400 1150
400 1475
400 1812
401 633
401 829
401 1260
401 1415
401 1416
401 1499
401 1526
401 1652
401 1898
402 527
402 1502
402 1577
402 1884
403 419
403 696
403 723
403 1055
403 1382
403 1626
403 1788
404 98
404 379
404 756
404 759
404 919
404 1563
404 1744
404 1752
405 415
405 448
405 452
405 504
405 527
405 884
405 1045
405 1525
406 740
406 852
406 1080
406 1177
406 1305
406 1325
406 1707
406 1794
407 422
407 967
407 1444
407 1713
408 461
408 573
408 646
408 1141
408 1207
408 1471
408 1613
408 1686
408 1706
409 415
409 729
409 796
409 1145
410 437
410 889
410 978
410 1413
410 1543
410 1862
411 270
411 514
411 540
411 609
411 726
411 823
411 841
411 1107
411 1837
411 1843
412 342
412 855
412 998
412 1054
412 1179
412 1665
412 1858
412 1891
413 784
413 1264
413 1340
413 1403
413 1406
413 1697
413 1784
414 459
414 708
414 1050
414 1230
414 1257
414 1413
414 1723
415 942
415 1057
415 1091
415 1163
415 1182
415 1411
415 1425
415 1579
415 1703
416 434
416 444
416 469
416 623
416 770
416 885
416 1310
416 1758
417 952
417 1264
417 1439
417 1446
417 1737
418 450
418 461
418 721
418 947
418 950
418 964
418 1336
418 1419
418 1649
418 1757
418 1823
419 891
419 1488
419 1527
419 1587
419 1787
420 617
420 732
420 761
420 821
420 830
420 1019
420 1156
420 1169
420 1589
420 1717
420 1874
420 1894
421 726
421 887
421 1125
421 1259
421 1288
421 1343
421 1369
421 1611
422 749
422 1125
423 444
423 552
423 911
423 1722
423 1828
424 340
424 973
424 1399
424 1465
424 1715
424 1853
425 235
425 443
425 592
425 595
425 814
425 1177
425 1384
425 1390
425 1454
425 1477
425 1508
426 768
426 818
426 1172
426 1309
427 653
427 701
427 773
427 1468
427 1510
427 1852
428 502
428 994
428 1353
429 230
429 710
429 1108
429 1281
429 1381
429 1741
430 443
430 525
430 1190
430 1852
431 997
431 1010
431 1621
431 1784
432 594
432 832
432 1189
432 1191
432 1415
432 1576
433 389
433 814
433 855
433 905
433 1107
433 1187
433 1204
433 1444
433 1514
433 1893
434 23
434 742
434 1639
435 408
435 610
435 917
435 1088
435 1202
435 1366
435 1427
435 1605
435 1641
435 1668
436 511
436 725
436 1041
436 1073
436 1098
436 1230
436 1363
437 497
437 593
437 648
437 999
437 1110
437 1253
437 1832
438 1233
438 1482
438 1707
438 1727
438 1780
439 239
439 527
439 554
439 802
439 1327
439 1414
439 1533
439 1641
440 527
440 755
440 1426
440 1786
441 638
441 1051
441 1071
441 1339
441 1598
441 1676
441 1678
442 488
442 491
442 503
442 521
442 548
442 1182
442 1245
442 1485
442 1773
442 1796
442 1844
443 778
443 885
443 1647
443 1807
444 505
444 1033
444 1646
444 1691
444 1837
445 497
445 1037
445 1105
445 1654
445 1679
445 1726
446 298
446 490
446 596
446 828
446 1459
446 1562
447 527
447 902
447 1099
447 1287
447 1360
447 1475
447 1727
448 568
448 668
448 1238
448 1253
448 1325
448 1379
448 1517
448 1787
448 1879
448 1888
449 700
449 946
449 1052
449 1193
449 1321
449 1356
450 801
450 1089
450 1431
451 365
451 1420
451 1478
451 1689
451 1787
451 1855
452 552
452 773
452 794
452 902
452 1133
452 1191
452 1361
452 1787
452 1896
453 509
453 689
453 915
453 943
453 1006
453 1042
453 1110
453 1500
453 1527
453 1563
454 720
454 801
454 979
454 1185
454 1198
454 1274
454 1358
454 1569
455 1037
455 1432
455 1511
455 1733
456 628
456 639
456 1291
456 1719
457 762
457 1567
457 1574
457 1748
458 726
458 742
458 982
458 1562
458 1576
458 1690
458 1695
459 468
459 1107
459 1538
459 1842
460 623
460 711
460 716
460 747
460 926
461 832
461 850
461 1011
461 1136
461 1241
461 1619
461 1751
462 507
462 515
462 692
462 769
462 920
462 1205
462 1287
462 1426
462 1450
462 1462
462 1517
462 1587
463 761
463 828
463 1261
463 1511
463 1598
463 1647
464 470
464 475
464 478
464 523
464 1178
464 1416
464 1445
465 271
465 829
465 1315
465 1316
465 1585
465 1628
465 1655
465 1799
466 81
466 532
466 889
466 1145
466 1401
467 300
467 812
467 1656
468 634
468 1343
468 1682
468 1835
469 591
469 952
469 973
469 1041
469 1844
470 487
470 511
470 614
470 645
470 1161
470 1173
470 1255
471 250
471 550
471 619
471 834
471 945
471 1084
471 1362
471 1742
471 1876
472 551
472 1130
472 1245
472 1400
473 241
473 1183
473 1656
473 1890
473 1893
474 67
474 926
475 678
475 981
475 1012
475 1243
475 1318
476 801
476 1069
476 1360
476 1555
477 985
477 1045
477 1286
477 1441
477 1550
477 1870
478 780
478 948
479 663
479 670
479 680
479 764
479 954
479 1162
479 1214
479 1319
479 1392
479 1406
479 1509
479 1545
479 1668
480 462
480 633
480 655
480 772
480 882
480 1383
480 1438
481 383
481 594
481 1320
482 717
482 870
483 1205
483 1560
484 247
484 273
484 933
484 1513
484 1624
485 856
485 1206
485 1260
485 1289
485 1584
486 634
486 673
486 1511
486 1591
486 1803
486 1853
486 1874
487 1789
488 580
488 686
488 964
488 1063
488 1126
488 1226
488 1264
488 1380
488 1466
488 1528
489 1563
490 727
490 972
490 1046
490 1206
490 1394
490 1412
490 1450
490 1583
490 1870
491 405
491 972
491 1024
491 1749
492 355
492 535
492 604
492 802
492 1527
493 536
493 668
493 734
493 779
493 781
493 1453
493 1817
493 1868
494 701
494 944
494 1032
494 1514
494 1630
494 1646
494 1779
495 555
495 1090
495 1093
495 1454
495 1551
495 1805
495 1818
496 650
496 1424
496 1577
496 1580
496 1588
496 1693
496 1729
497 1141
497 1506
497 1575
497 1630
498 618
498 841
498 1406
498 1653
498 1787
499 497
499 792
499 868
499 1047
499 1223
499 1454
499 1791
500 1555
500 1768
501 779
501 926
501 1164
501 1271
501 1676
501 1718
502 546
502 1162
503 649
503 690
503 889
503 938
503 1056
503 1191
503 1381
503 1532
503 1634
503 1727
504 622
504 1183
504 1459
505 778
505 933
505 996
505 1139
506 341
506 779
506 928
506 975
506 1138
506 1160
506 1359
506 1587
506 1603
506 1672
506 1724
507 360
507 578
507 737
507 805
507 916
507 1027
507 1073
507 1126
507 1700
508 393
508 1202
508 1203
508 1760
508 1763
509 539
509 677
509 820
509 873
509 897
509 1098
509 1222
509 1261
509 1314
509 1330
509 1636
510 686
510 969
510 1328
510 1550
510 1829
510 1842
511 341
511 567
511 796
511 819
511 980
511 1096
511 1168
511 1581
511 1818
512 765
512 877
512 924
512 958
512 987
512 1061
512 1506
512 1840
513 215
513 547
513 628
514 162
514 1097
514 1206
514 1215
514 1299
514 1505
514 1736
515 616
515 871
515 1392
515 1689
515 1834
516 503
516 896
516 953
516 996
516 1126
516 1437
516 1795
516 1799
516 1837
516 1860
517 740
517 813
517 887
517 895
517 1320
517 1449
517 1488
518 887
518 1025
518 1128
518 1212
518 1470
519 672
519 771
519 1267
519 1330
519 1405
519 1691
519 1709
519 1746
519 1829
519 1870
519 1890
520 1355
520 1635
521 503
521 670
521 859
521 885
521 970
521 1393
521 1679
521 1758
521 1805
521 1856
522 565
522 579
522 595
522 676
522 1157
522 1405
522 1874
523 783
523 828
523 855
523 1538
523 1643
524 737
524 859
525 443
525 595
525 969
525 1137
525 1179
525 1554
525 1635
526 401
526 895
526 1124
526 1152
526 1293
526 1457
526 1561
527 504
527 774
527 1228
527 1241
527 1521
528 1749
529 632
529 634
529 744
529 762
529 830
529 967
529 1083
529 1158
529 1166
529 1460
529 1496
530 384
530 397
530 1209
530 1302
531 528
531 818
531 851
531 1078
531 1714
531 1715
531 1741
531 1761
532 287
532 607
532 648
532 882
532 1140
532 1175
532 1226
532 1408
532 1412
532 1416
532 1588
533 1452
533 1457
534 542
534 584
534 656
534 667
534 730
534 756
534 803
534 1119
534 1392
534 1462
534 1523
534 1592
534 1815
535 790
536 599
536 1533
536 1580
536 1626
536 1663
537 554
537 764
537 796
537 865
537 1466
537 1484
537 1854
538 770
538 1056
538 1452
538 1640
538 1733
538 1760
539 592
539 938
539 1421
539 1426
539 1645
539 1702
540 517
540 561
540 815
540 869
540 952
540 993
540 1123
540 1322
540 1617
541 686
542 638
542 1014
542 1108
543 740
543 838
543 1248
543 1274
543 1609
544 546
544 670
544 675
544 703
544 1233
544 1314
544 1357
544 1478
544 1583
545 818
545 976
545 1019
546 641
546 825
546 850
546 1050
546 1455
546 1624
547 561
547 570
547 1376
547 1454
547 1893
548 712
548 798
548 990
548 1359
548 1535
548 1542
549 171
549 640
549 641
549 711
549 1142
549 1240
549 1869
549 1887
550 1243
550 1563
550 1583
550 1796
551 649
551 671
551 677
551 734
551 1003
551 1273
551 1552
551 1559
551 1697
551 1748
551 1832
552 729
552 748
552 1082
552 1101
552 1425
552 1506
552 1724
552 1788
553 631
553 651
553 1246
553 1834
554 956
554 992
554 1009
554 1602
554 1640
555 114
555 802
555 941
555 1152
555 1569
556 602
556 798
556 1483
556 1521
556 1529
557 859
557 898
557 948
557 979
557 1008
557 1072
557 1244
557 1373
557 1516
557 1577
558 966
558 1140
558 1739
559 752
559 870
559 887
559 1246
559 1265
559 1294
559 1448
559 1654
560 597
560 708
560 1318
560 1365
560 1594
561 57
561 563
561 569
561 589
561 654
561 952
561 1452
561 1565
561 1866
562 1119
562 1141
562 1201
562 1540
563 492
563 682
563 1365
564 1230
564 1396
564 1495
564 1642
564 1707
565 621
565 631
565 1415
565 1449
565 1479
565 1576
565 1752
565 1765
566 836
566 905
566 982
566 988
566 1200
566 1408
566 1541
566 1811
566 1893
567 1032
567 1511
567 1679
567 1759
568 584
568 857
568 861
568 1052
568 1378
568 1425
568 1665
568 1822
569 577
569 806
569 1273
569 1317
569 1362
569 1387
569 1635
569 1864
569 1886
570 141
570 589
570 599
570 690
570 867
570 922
570 1596
570 1757
570 1764
571 1278
571 1296
571 1585
572 628
572 774
572 857
572 1093
572 1621
572 1751
572 1823
573 679
573 902
573 939
573 1110
573 1435
573 1460
573 1629
573 1643
573 1681
573 1765
573 1830
574 838
574 887
574 1133
574 1289
574 1605
574 1690
575 672
575 943
575 969
575 1037
575 1814
576 616
576 637
576 1131
576 1249
576 1433
577 202
577 515
577 975
577 1527
577 1608
577 1878
578 1318
578 1400
579 800
579 1334
579 1445
579 1606
579 1630
579 1767
579 1779
580 1031
580 1269
580 1280
580 1333
580 1685
580 1779
581 306
581 1557
581 1672
582 596
582 668
582 885
582 1011
582 1077
582 1276
582 1463
582 1788
583 459
583 922
584 708
584 1124
584 1287
584 1454
584 1565
584 1756
585 1174
585 1426
585 1638
585 1683
586 452
586 1135
587 784
587 986
587 1009
587 1078
587 1241
587 1369
587 1451
587 1711
588 917
588 1022
588 1093
588 1207
588 1300
588 1760
588 1778
588 1849
588 1854
588 1879
589 602
589 1114
589 1249
589 1570
590 862
590 1822
590 1893
591 792
591 1295
591 1661
591 1798
592 1144
592 1266
592 1600
592 1786
593 629
593 641
593 738
593 756
593 762
593 1418
593 1441
593 1498
593 1854
594 682
594 1068
594 1170
594 1406
594 1696
594 1864
594 1886
594 1898
595 891
595 1044
595 1408
595 1542
596 412
596 654
596 1129
596 1231
596 1765
597 649
597 923
597 1040
597 1090
597 1340
597 1399
597 1423
597 1540
597 1569
598 771
598 984
598 994
598 1047
598 1140
598 1160
598 1167
598 1235
598 1284
598 1415
598 1604
598 1655
598 1675
598 1811
599 589
599 964
599 1048
599 1307
599 1355
599 1856
600 1278
600 1596
600 1661
601 704
601 1033
601 1096
601 1592
601 1679
601 1861
602 735
602 741
602 794
602 971
602 1094
602 1219
602 1548
602 1637
602 1662
603 512
603 1244
603 1862
604 1469
604 1766
605 745
605 859
605 869
605 900
605 953
605 1037
605 1303
605 1338
605 1403
605 1595
605 1696
605 1774
606 660
606 911
606 1066
606 1501
607 615
607 657
607 1320
607 1557
607 1864
608 938
608 1158
608 1256
608 1293
608 1472
608 1881
609 514
609 949
609 1153
609 1200
609 1202
609 1275
609 1318
610 753
610 781
610 1009
610 1152
610 1358
610 1844
611 748
611 1009
611 1185
611 1302
611 1346
611 1428
611 1742
611 1793
611 1863
611 1866
612 738
612 784
612 1470
612 1614
613 1285
613 1313
613 1372
613 1528
613 1579
613 1610
614 994
614 1019
614 1264
614 1448
615 626
615 656
615 680
615 713
615 720
615 1058
615 1134
615 1694
615 1776
616 196
616 1098
616 1267
616 1302
616 1457
616 1620
616 1747
616 1769
617 584
617 798
617 808
617 1324
617 1752
618 1619
619 775
619 1062
620 197
620 1018
620 1020
620 1305
621 697
621 803
621 825
621 1072
621 1598
621 1705
621 1793
622 868
622 1037
622 1379
622 1841
623 742
623 928
623 972
623 1045
623 1194
623 1214
623 1299
623 1399
623 1479
623 1493
623 1621
624 701
624 729
624 895
624 901
624 1089
624 1116
624 1121
624 1247
624 1533
624 1624
624 1866
625 489
625 851
625 991
625 1117
625 1164
625 1478
625 1490
625 1506
625 1684
625 1782
625 1851
626 694
626 823
626 864
626 902
626 1075
626 1257
626 1538
627 365
628 547
628 1011
628 1216
628 1493
628 1548
628 1550
628 1730
629 999
629 1366
630 1173
630 1347
630 1879
631 939
631 1075
631 1088
631 1375
631 1409
631 1621
632 224
632 989
632 1278
632 1332
632 1716
633 838
633 1372
633 1572
634 954
634 1288
634 1353
634 1421
634 1430
634 1443
634 1664
634 1858
634 1886
635 684
635 977
635 1282
635 1774
637 616
637 1304
637 1378
637 1782
637 1793
638 1005
638 1125
638 1366
638 1498
638 1515
638 1636
639 628
639 661
639 1013
639 1018
639 1374
639 1419
639 1711
639 1732
640 1378
641 793
641 923
641 1115
641 1193
641 1287
641 1426
641 1738
641 1836
642 735
642 1343
642 1769
643 789
643 866
643 1024
643 1035
643 1357
644 730
644 855
644 1030
644 1070
644 1410
644 1423
644 1480
644 1508
644 1527
644 1691
644 1815
644 1852
644 1882
645 694
645 714
645 784
645 885
645 1004
645 1068
646 850
646 933
646 996
646 998
646 1155
646 1575
646 1625
647 830
647 875
647 1126
647 1333
648 1027
648 1150
648 1322
648 1394
648 1693
649 483
649 905
649 1016
649 1253
649 1273
649 1279
649 1384
649 1602
650 844
650 898
650 899
650 1031
650 1624
651 916
651 947
651 1315
651 1607
651 1802
652 745
652 847
652 871
652 1391
652 1488
652 1791
653 664
653 901
653 1005
653 1441
653 1784
654 785
654 1022
654 1208
654 1723
655 1023
655 1083
655 1313
655 1579
655 1612
655 1641
655 1721
655 1776
656 781
656 866
656 941
656 1037
656 1609
657 615
657 1677
657 1683
658 787
658 908
658 936
658 1058
658 1182
658 1201
658 1270
658 1349
658 1375
658 1385
658 1486
658 1852
659 26
659 761
659 1591
659 1781
659 1818
660 306
660 787
660 1090
660 1277
660 1365
660 1551
660 1679
660 1845
661 712
661 836
661 839
661 889
661 1282
661 1543
661 1789
662 668
662 932
662 1053
662 1075
662 1364
662 1724
663 149
663 848
663 1167
663 1311
663 1451
664 371
664 733
664 738
664 884
664 895
664 1033
664 1292
664 1797
665 641
665 725
665 780
665 793
665 1082
665 1120
665 1248
665 1410
665 1778
665 1864
666 577
666 767
666 1093
666 1569
666 1873
667 959
667 1057
667 1077
667 1216
667 1411
667 1530
668 854
668 1636
668 1683
669 955
669 1555
669 1634
669 1816
670 700
670 715
670 950
670 1438
671 1335
671 1547
671 1609
672 927
672 1200
672 1295
672 1303
672 1360
673 373
673 957
673 1168
673 1311
673 1394
674 848
674 944
674 1161
674 1332
674 1663
675 255
675 295
675 457
675 858
675 869
675 1178
675 1657
675 1721
675 1791
676 595
676 1275
676 1520
676 1838
677 582
677 1559
678 924
678 1120
678 1365
678 1493
678 1833
679 231
679 382
679 752
679 873
679 1046
679 1326
679 1464
679 1657
679 1724
680 777
680 1086
680 1208
680 1379
680 1735
681 622
681 784
681 841
681 998
681 1102
681 1234
681 1382
681 1435
681 1475
681 1526
681 1675
681 1677
681 1884
682 257
682 954
682 966
682 1165
682 1306
682 1675
682 1745
682 1767
683 837
683 856
683 973
684 948
684 997
684 1139
684 1444
684 1799
685 336
685 979
685 1178
685 1216
685 1243
685 1327
685 1788
685 1815
685 1862
686 1339
686 1621
686 1823
687 722
687 909
687 911
687 1036
687 1338
687 1463
687 1513
687 1538
687 1628
688 703
688 842
688 1177
688 1411
688 1793
688 1815
688 1878
689 1432
689 1742
690 796
690 978
690 1129
690 1212
690 1473
690 1555
690 1556
690 1675
690 1775
691 704
691 802
691 881
691 1555
691 1655
691 1722
691 1754
691 1822
691 1828
692 713
692 897
692 1009
692 1028
692 1374
692 1509
692 1774
693 712
693 1192
693 1378
693 1466
693 1729
694 764
694 796
694 821
694 905
694 961
694 1222
694 1260
694 1265
694 1288
694 1414
694 1476
694 1648
694 1701
695 862
695 892
695 1028
695 1037
695 1111
695 1537
695 1623
695 1853
695 1874
696 807
696 824
697 788
697 900
697 1298
697 1873
698 521
698 881
698 1007
698 1020
698 1094
698 1116
698 1197
698 1359
698 1571
699 975
699 1011
699 1234
699 1235
699 1484
699 1575
699 1693
699 1697
699 1773
699 1774
700 689
700 787
700 913
700 932
700 1240
701 211
701 734
701 1536
701 1852
702 140
702 1425
703 63
703 768
703 771
703 858
703 1008
703 1632
703 1720
703 1864
704 761
704 1619
705 996
705 1004
705 1050
705 1465
705 1815
705 1896
706 78
706 996
707 617
707 1233
707 1382
707 1781
708 1023
708 1138
708 1196
708 1326
708 1443
708 1616
708 1715
708 1817
709 788
709 853
709 870
709 988
709 1034
709 1052
709 1218
709 1618
709 1783
710 776
710 859
710 1342
710 1884
711 780
711 822
711 967
711 1378
711 1531
711 1893
712 400
712 649
712 803
712 971
712 1020
712 1022
712 1033
712 1449
712 1451
712 1485
712 1601
712 1818
713 680
713 832
713 883
713 1286
714 778
714 997
714 1027
714 1126
715 1018
715 1029
715 1380
716 1122
716 1227
716 1673
716 1731
717 939
717 1737
717 1867
718 771
718 1208
718 1570
718 1733
718 1767
719 952
719 962
719 1015
719 1181
719 1618
719 1657
719 1810
720 1239
720 1374
720 1542
720 1655
721 851
721 1041
721 1522
722 935
722 1424
722 1759
723 969
723 1032
723 1227
723 1245
723 1586
723 1649
724 768
724 1050
724 1151
724 1162
724 1515
724 1559
724 1729
724 1745
724 1799
724 1851
725 367
725 1172
725 1251
726 545
726 973
726 1078
726 1114
726 1163
726 1710
727 1042
727 1083
727 1707
728 277
728 927
728 1236
728 1451
728 1513
728 1713
729 736
729 1013
729 1164
729 1233
729 1401
729 1648
729 1664
729 1666
730 893
730 1269
730 1392
730 1562
731 688
731 774
731 995
731 1031
731 1149
731 1372
731 1448
731 1471
731 1616
731 1784
732 190
732 989
732 1130
732 1642
732 1729
732 1821
733 851
733 1252
733 1276
734 649
734 868
734 941
734 1048
734 1130
734 1160
734 1223
735 1009
735 1299
735 1541
735 1658
735 1749
735 1760
736 1293
736 1494
736 1606
736 1859
737 1006
737 1316
738 459
738 733
738 1002
738 1005
738 1179
738 1221
738 1231
738 1262
738 1420
738 1428
738 1509
738 1619
739 266
739 1163
739 1386
739 1461
740 541
740 878
740 1156
740 1434
740 1637
741 795
741 932
741 1024
741 1077
741 1087
741 1116
741 1130
741 1185
741 1218
741 1344
741 1420
741 1597
742 874
742 1049
742 1336
742 1523
743 775
743 938
743 1289
743 1482
743 1639
743 1771
743 1796
744 863
744 1391
744 1630
744 1898
745 464
745 715
745 928
745 1216
745 1322
745 1324
745 1347
745 1416
745 1539
745 1772
746 971
746 987
746 1025
746 1137
746 1207
746 1398
746 1685
746 1785
747 623
747 831
747 902
747 1167
747 1181
747 1294
747 1349
747 1434
747 1458
747 1669
747 1737
748 767
748 936
748 1042
748 1109
748 1416
749 424
749 940
749 1513
750 635
750 780
750 1016
750 1413
751 763
751 935
751 1021
751 1040
751 1105
751 1113
751 1239
751 1894
752 1482
752 1533
752 1882
753 1020
753 1070
753 1539
753 1885
754 879
754 953
754 1176
754 1396
754 1803
754 1868
755 1767
756 919
756 997
756 1063
756 1113
756 1506
757 885
757 899
757 1165
757 1309
757 1364
757 1495
757 1555
757 1614
758 430
758 771
758 1739
758 1876
759 1630
759 1769
760 791
760 1108
760 1415
760 1509
760 1610
760 1627
761 520
761 966
761 1067
761 1578
761 1656
761 1717
762 744
762 908
762 1218
762 1310
762 1375
762 1393
762 1843
763 892
763 1355
763 1650
764 680
764 934
764 1211
764 1348
764 1578
764 1658
764 1666
765 447
765 903
765 944
765 1244
765 1429
765 1559
765 1681
765 1712
766 988
766 1063
766 1386
766 1849
767 775
767 1359
768 1263
768 1298
768 1362
768 1378
768 1710
768 1713
768 1800
768 1865
769 476
769 477
769 1805
769 1889
770 434
770 578
770 990
770 1277
770 1346
770 1661
771 1289
771 1368
771 1585
771 1874
772 344
772 962
772 1075
772 1184
772 1849
773 831
773 835
773 1010
773 1843
774 892
774 1625
774 1733
774 1856
775 880
775 956
775 968
775 993
775 1433
775 1489
775 1571
775 1859
775 1871
776 978
776 1038
776 1044
776 1088
776 1209
776 1386
776 1572
776 1744
776 1787
776 1888
776 1894
777 1073
777 1255
777 1326
777 1542
777 1713
777 1815
778 424
778 789
778 825
778 946
778 1367
778 1691
779 834
779 927
779 1002
779 1045
779 1602
780 725
780 1261
780 1314
780 1773
781 649
781 753
781 810
781 878
781 1112
781 1615
782 1614
783 1089
783 1144
784 386
784 786
784 906
784 1039
784 1051
784 1124
784 1294
784 1507
784 1523
784 1771
784 1803
785 1067
785 1142
785 1824
786 668
786 818
786 1051
786 1264
787 879
787 894
787 902
787 1527
788 280
788 1163
788 1339
788 1424
788 1452
788 1552
788 1886
789 884
789 1250
789 1400
789 1808
790 599
790 1489
791 332
791 1085
791 1107
791 1123
791 1173
791 1356
791 1551
791 1583
791 1662
792 1029
792 1484
792 1670
792 1695
792 1698
793 1223
793 1717
793 1856
794 552
794 714
794 1094
794 1864
794 1892
795 864
795 1735
796 592
796 1459
796 1483
797 773
797 798
797 971
797 1014
798 897
798 1348
798 1644
798 1737
798 1831
799 870
799 900
799 1203
799 1470
800 1372
800 1415
800 1604
801 1038
801 1884
802 429
802 535
802 863
802 1224
802 1489
803 1127
803 1160
803 1373
804 851
804 866
804 966
804 1010
804 1106
804 1118
804 1135
804 1191
804 1230
804 1476
804 1851
805 806
805 1551
805 1575
805 1824
805 1840
806 1588
806 1733
806 1751
806 1791
807 1540
807 1717
808 1820
808 1840
808 1859
809 838
809 940
809 992
809 1244
809 1312
809 1551
810 1005
810 1021
810 1144
810 1179
810 1338
810 1423
810 1550
810 1804
811 1504
812 912
812 975
812 1111
812 1136
812 1670
812 1757
813 833
813 838
813 865
813 927
813 953
813 1003
813 1195
813 1234
814 595
814 1119
814 1773
815 878
815 897
815 1065
815 1314
815 1347
815 1459
815 1511
815 1654
815 1689
815 1750
815 1806
815 1890
815 1898
816 570
816 1388
816 1489
817 835
817 848
817 1035
817 1170
817 1834
818 860
818 942
818 1477
818 1489
818 1501
818 1783
819 410
819 706
819 917
819 1281
819 1312
819 1332
819 1704
820 888
820 1070
820 1170
820 1198
820 1465
820 1813
821 58
821 841
821 875
821 908
821 950
821 1481
821 1842
822 1039
822 1657
822 1725
822 1817
823 1244
823 1447
824 800
824 1167
824 1509
824 1520
824 1579
825 675
825 979
825 1209
825 1262
825 1643
825 1707
825 1728
825 1795
826 498
826 824
826 946
826 1507
827 860
827 878
827 1085
827 1134
827 1180
827 1389
828 829
828 1137
828 1165
828 1393
828 1631
829 337
829 633
829 1078
829 1184
829 1462
829 1722
829 1800
829 1809
829 1822
830 458
830 915
830 1000
830 1012
830 1118
830 1286
830 1730
831 103
832 811
832 1597
833 863
833 995
833 1339
833 1484
833 1519
833 1609
834 1044
834 1049
834 1222
834 1345
834 1513
834 1684
835 401
835 831
835 880
835 881
835 1145
835 1183
835 1217
835 1498
835 1727
836 415
836 560
836 1776
837 1062
837 1312
839 1190
839 1291
839 1363
840 334
840 1075
841 618
841 726
841 1017
841 1120
841 1256
841 1443
841 1497
841 1534
841 1579
842 487
842 887
842 963
842 1143
842 1153
842 1575
843 1057
843 1061
843 1315
843 1563
843 1635
843 1769
844 856
844 880
844 1042
844 1044
844 1086
844 1182
844 1233
844 1283
844 1378
845 953
845 1068
845 1143
845 1289
845 1801
845 1858
845 1871
846 488
846 990
846 991
846 1521
846 1631
847 598
847 1581
847 1722
847 1785
848 1493
848 1696
849 750
850 1038
850 1090
850 1427
850 1628
850 1778
850 1816
850 1869
851 1232
851 1847
852 777
852 1111
852 1201
852 1506
852 1661
852 1866
853 1071
853 1125
853 1168
853 1238
853 1340
853 1502
853 1548
853 1678
853 1704
853 1799
854 558
854 787
854 1182
854 1412
854 1547
854 1755
855 1107
856 434
856 837
856 901
856 1078
856 1259
856 1294
856 1552
856 1809
857 1431
857 1636
857 1688
857 1786
857 1838
857 1869
857 1882
858 255
858 861
858 1259
858 1349
858 1646
858 1784
858 1831
859 382
859 665
859 737
859 1355
859 1415
859 1591
859 1802
859 1811
860 609
860 956
860 1149
860 1183
860 1256
860 1528
861 688
862 529
862 705
862 978
862 1066
862 1096
862 1697
862 1777
863 809
863 934
863 950
863 1211
863 1706
864 1022
864 1335
864 1446
864 1479
864 1481
864 1593
864 1657
865 525
865 1112
865 1155
865 1405
865 1431
865 1592
865 1830
866 493
866 789
866 975
866 1056
866 1088
866 1591
866 1768
866 1841
867 1279
867 1890
868 703
868 792
868 1086
868 1807
869 1025
869 1147
869 1259
869 1644
869 1667
869 1730
870 892
870 1276
870 1382
870 1441
870 1519
870 1527
870 1584
870 1682
870 1703
870 1811
870 1867
871 430
871 973
871 1026
871 1054
871 1255
871 1396
871 1531
872 1184
873 752
873 1140
873 1346
874 173
874 726
874 1262
875 830
875 932
875 1125
875 1302
875 1428
875 1897
876 890
876 893
876 1150
876 1252
876 1295
876 1614
876 1826
877 904
877 949
877 1876
878 1030
878 1246
878 1745
880 1615
880 1674
881 724
881 971
881 1014
881 1088
881 1093
881 1337
881 1408
881 1469
881 1604
881 1652
882 298
882 633
882 1601
882 1648
882 1715
883 928
883 930
883 1179
883 1331
883 1417
884 921
884 1284
884 1596
885 784
885 859
885 929
885 1213
885 1252
885 1283
885 1314
885 1340
885 1405
885 1445
885 1517
885 1614
886 1077
886 1093
887 838
887 1059
888 902
888 1446
888 1772
888 1802
889 968
889 1302
889 1388
889 1638
889 1727
890 1199
890 1455
891 997
892 260
892 816
893 1405
893 1421
895 887
895 1274
895 1740
895 1844
896 1585
896 1740
897 532
897 728
897 873
897 951
897 1278
897 1418
897 1611
897 1697
897 1731
897 1886
898 844
898 931
898 1331
898 1356
898 1497
899 1107
899 1351
899 1430
899 1822
900 725
900 1888
901 729
902 788
902 823
902 1074
902 1601
902 1773
902 1827
903 1034
903 1328
903 1377
903 1421
903 1449
903 1832
904 664
904 1503
904 1687
904 1700
904 1711
905 855
905 1174
905 1206
905 1332
905 1489
905 1576
905 1672
905 1817
906 944
906 1107
906 1154
906 1167
906 1365
907 890
907 985
907 999
907 1053
907 1183
907 1279
907 1391
907 1409
907 1446
907 1553
907 1714
908 636
908 656
908 875
908 1265
908 1510
908 1612
909 898
909 1583
909 1650
910 1217
910 1338
910 1531
910 1690
911 601
911 1479
911 1520
913 796
913 1070
914 1220
914 1232
914 1354
914 1465
914 1515
914 1589
914 1795
915 294
915 1016
915 1154
915 1234
915 1379
915 1484
915 1486
915 1576
915 1603
915 1857
916 601
916 981
916 1011
916 1058
916 1165
916 1354
916 1399
917 1266
917 1817
918 970
918 1056
918 1287
918 1464
918 1709
919 1084
919 1190
919 1716
919 1742
920 941
920 1253
920 1366
920 1515
920 1742
921 402
921 671
921 1286
921 1364
921 1699
921 1867
922 704
922 1395
922 1593
923 649
924 91
924 1254
924 1700
924 1851
925 523
925 656
925 976
925 1438
925 1473
925 1865
926 716
926 1795
927 198
927 1641
927 1652
928 1192
928 1255
928 1412
928 1419
928 1450
928 1698
929 967
929 1001
929 1186
929 1250
929 1262
929 1350
930 928
930 1163
930 1632
931 1119
931 1134
931 1468
931 1720
932 570
932 1007
932 1237
932 1384
932 1582
932 1646
932 1661
933 850
933 1509
933 1576
933 1718
935 959
935 1044
935 1211
935 1308
935 1416
936 812
936 966
936 1069
936 1290
937 1116
937 1599
937 1615
937 1795
938 632
938 1385
938 1573
938 1867
939 569
939 1120
939 1129
939 1138
939 1682
939 1865
940 480
940 1038
940 1077
940 1739
941 1437
941 1460
941 1619
943 672
943 972
944 1110
944 1590
944 1634
944 1721
945 619
945 1302
945 1576
946 238
946 749
946 895
946 1007
946 1281
946 1299
946 1643
947 206
947 1141
947 1321
947 1501
947 1572
947 1588
948 286
948 1175
948 1183
948 1626
949 904
949 1267
949 1552
949 1715
949 1734
949 1861
950 374
950 461
950 813
950 1183
950 1466
950 1495
950 1667
950 1851
950 1853
951 917
951 1118
951 1696
952 1116
952 1534
952 1617
953 859
953 865
953 1390
953 1406
953 1545
953 1775
954 591
954 670
954 1042
954 1101
954 1412
955 205
955 544
955 1295
956 949
956 1527
956 1598
957 177
957 194
957 1017
957 1175
957 1460
957 1470
957 1594
957 1717
958 1228
958 1769
958 1836
959 1358
959 1374
959 1883
960 223
960 1254
961 1042
961 1150
961 1172
961 1372
961 1387
961 1473
961 1616
963 784
963 887
963 1354
963 1616
963 1689
964 721
964 1774
965 1104
965 1338
965 1460
965 1465
965 1816
966 1122
966 1440
966 1448
966 1653
966 1889
967 1159
967 1282
967 1849
968 1114
968 1660
968 1708
969 654
969 971
969 1080
969 1126
969 1650
969 1714
970 971
970 1094
971 986
971 1404
971 1673
971 1812
972 819
972 1128
972 1308
972 1742
972 1810
973 1061
973 1200
973 1311
973 1565
973 1843
974 1197
974 1363
974 1558
974 1674
974 1710
975 513
975 913
975 1438
975 1518
976 468
976 643
976 1455
976 1577
976 1657
976 1659
976 1785
977 684
977 976
977 1170
977 1244
977 1538
977 1657
977 1689
978 681
979 1054
979 1497
979 1885
980 819
980 1001
980 1206
981 678
981 1068
981 1241
981 1295
981 1738
981 1749
981 1879
982 1052
982 1204
982 1206
982 1313
982 1455
982 1638
982 1719
983 1094
983 1157
983 1159
983 1175
983 1200
983 1339
983 1518
983 1573
984 1566
984 1617
984 1733
984 1766
984 1880
985 1153
985 1252
985 1591
986 766
986 806
986 1048
986 1285
986 1514
986 1700
986 1866
987 765
987 1400
987 1589
988 1408
989 1128
989 1238
989 1570
989 1644
990 1089
990 1140
990 1471
991 1503
991 1836
991 1871
992 242
992 956
992 1133
992 1266
992 1827
993 1339
993 1660
993 1716
994 1232
994 1452
994 1795
994 1895
995 1113
995 1620
995 1633
996 562
996 797
996 806
996 1064
996 1145
996 1167
997 711
997 1444
998 623
998 1094
998 1162
998 1819
999 1575
999 1664
1000 304
1000 409
1000 458
1000 1185
1000 1226
1000 1288
1000 1422
1000 1517
1001 950
1001 1189
1001 1193
1001 1351
1001 1569
1002 547
1002 1230
1002 1529
1002 1765
1003 677
1003 1004
1003 1085
1003 1131
1003 1413
1003 1419
1003 1600
1003 1607
1003 1725
1003 1865
1004 1071
1004 1120
1004 1129
1004 1188
1004 1268
1004 1767
1004 1816
1006 721
1006 1181
1006 1597
1006 1869
1007 1224
1007 1329
1007 1642
1007 1895
1008 771
1008 898
1008 1555
1008 1559
1008 1589
1008 1590
1009 784
1009 1013
1009 1628
1010 966
1010 1012
1010 1279
1010 1460
1010 1552
1010 1632
1010 1673
1010 1700
1010 1717
1010 1796
1011 1254
1011 1314
1011 1334
1012 915
1012 946
1012 1629
1012 1715
1012 1797
1013 636
1013 1479
1014 638
1014 1800
1015 805
1015 1413
1016 850
1016 894
1016 1835
1017 273
1017 413
1017 650
1017 727
1017 842
1017 1753
1018 1669
1018 1753
1018 1769
1019 617
1019 1175
1019 1470
1019 1492
1020 1080
1020 1187
1020 1893
1021 556
1021 813
1021 1054
1021 1096
1021 1257
1021 1404
1021 1564
1021 1674
1022 650
1022 971
1022 1178
1022 1506
1022 1700
1023 1062
1023 1203
1023 1353
1023 1414
1023 1447
1023 1693
1023 1828
1024 133
1024 972
1024 1835
1025 472
1025 543
1025 1100
1025 1290
1026 882
1026 1012
1026 1743
1026 1750
1026 1784
1026 1875
1027 690
1027 790
1027 923
1028 1087
1028 1270
1029 457
1029 626
1029 1018
1029 1074
1029 1527
1030 265
1030 730
1030 737
1030 1391
1030 1603
1030 1650
1031 860
1031 907
1031 1160
1031 1209
1031 1457
1031 1460
1031 1795
1031 1811
1032 701
1032 1130
1032 1203
1032 1499
1032 1774
1033 505
1033 803
1033 1786
1033 1889
1034 255
1034 788
1034 1441
1034 1692
1035 1121
1035 1167
1035 1419
1035 1490
1035 1804
1036 253
1036 1218
1036 1501
1037 941
1037 1321
1037 1655
1037 1735
1038 589
1039 1139
1039 1447
1039 1453
1039 1615
1039 1777
1040 384
1040 1331
1041 190
1041 979
1041 1019
1041 1286
1041 1354
1041 1883
1042 509
1042 657
1042 1406
1043 399
1043 1102
1043 1123
1043 1457
1044 221
1044 1042
1044 1064
1044 1340
1044 1643
1044 1675
1044 1695
1045 884
1045 927
1045 1692
1046 1067
1047 551
1047 1675
1047 1855
1048 1634
1048 1685
1049 710
1049 1070
1049 1229
1049 1377
1049 1404
1049 1413
1049 1898
1050 475
1050 1004
1050 1791
1051 1455
1051 1465
1051 1507
1052 1233
1052 1438
1053 1325
1053 1573
1054 403
1054 1133
1054 1728
1054 1757
1054 1839
1055 926
1055 1601
1056 970
1056 1059
1056 1062
1056 1212
1056 1616
1056 1779
1056 1816
1057 1798
1058 936
1058 981
1058 1670
1059 905
1059 1891
1060 1375
1060 1397
1060 1467
1060 1808
1060 1820
1061 924
1061 1818
1062 584
1062 1071
1062 1352
1062 1390
1063 433
1063 919
1063 1601
1065 1229
1065 1287
1065 1783
1065 1847
1065 1877
1066 426
1066 911
1066 1101
1066 1359
1066 1616
1066 1619
1067 1101
1067 1111
1067 1393
1067 1447
1067 1504
1067 1762
1067 1825
1067 1850
1068 1813
1069 966
1069 1241
1069 1347
1070 631
1070 1499
1070 1512
1071 1780
1071 1846
1071 1878
1072 535
1072 707
1072 1122
1073 578
1073 1143
1073 1430
1073 1762
1073 1863
1074 631
1074 1821
1075 601
1075 644
1076 1110
1076 1139
1076 1268
1076 1296
1076 1299
1077 1082
1077 1347
1077 1773
1077 1814
1078 986
1078 1517
1078 1890
1079 1080
1079 1419
1080 553
1081 1264
1081 1555
1081 1591
1081 1744
1082 793
1082 1033
1082 1210
1082 1325
1082 1335
1082 1379
1082 1433
1082 1669
1083 1658
1083 1763
1084 595
1084 1127
1084 1324
1084 1417
1084 1537
1084 1715
1084 1823
1085 741
1085 1306
1085 1617
1086 685
1086 1552
1087 1191
1087 1282
1087 1319
1087 1371
1087 1460
1087 1712
1087 1735
1087 1852
1087 1889
1088 1092
1088 1740
1089 185
1090 1476
1090 1486
1091 511
1091 1307
1091 1494
1091 1612
1091 1633
1092 1125
1092 1260
1092 1274
1092 1569
1092 1874
1093 767
1093 909
1094 1185
1094 1322
1094 1382
1094 1429
1094 1782
1095 1120
1095 1470
1095 1693
1095 1756
1095 1772
1095 1796
1096 631
1096 865
1096 1189
1096 1197
1096 1198
1096 1251
1096 1365
1096 1402
1096 1594
1096 1877
1097 1679
1097 1680
1097 1694
1098 872
1098 1160
1098 1578
1099 155
1099 208
1099 321
1099 903
1099 1236
1099 1239
1099 1386
1099 1583
1099 1661
1100 288
1100 1155
1100 1432
1100 1590
1100 1844
1101 748
1101 1213
1102 419
1102 1126
1102 1234
1102 1729
1103 1148
1104 1127
1104 1253
1104 1293
1104 1505
1104 1814
1104 1839
1105 1491
1105 1547
1105 1781
1106 421
1106 851
1106 1745
1107 814
1107 944
1107 1479
1108 367
1108 710
1108 1477
1108 1672
1108 1774
1109 639
1109 767
1109 1188
1109 1809
1110 593
1111 1037
1111 1209
1111 1420
1111 1488
1111 1639
1111 1641
1111 1840
1112 810
1112 1377
1112 1819
1113 677
1113 1105
1113 1164
1113 1206
1113 1653
1113 1664
1113 1698
1114 1383
1114 1857
1115 694
1115 1161
1115 1255
1115 1331
1115 1418
1115 1534
1115 1588
1116 489
1116 1007
1116 1315
1116 1337
1116 1461
1116 1560
1118 1111
1118 1354
1118 1889
1120 1804
1121 1567
1121 1673
1121 1680
1121 1845
1122 1475
1122 1565
1123 1054
1123 1067
1123 1102
1123 1432
1123 1763
1124 292
1124 553
1124 1132
1125 494
1125 821
1125 887
1125 966
1125 985
1126 382
1126 779
1126 1027
1126 1158
1126 1235
1126 1302
1126 1428
1126 1885
1127 1777
1128 1185
1128 1702
1129 308
1130 217
1130 588
1130 1048
1130 1116
1130 1324
1130 1424
1131 1085
1131 1154
1131 1421
1131 1488
1131 1805
1132 799
1132 1188
1132 1244
1132 1490
1132 1577
1132 1675
1132 1759
1133 1203
1133 1373
1133 1626
1133 1669
1134 642
1134 1085
1134 1361
1135 569
1135 866
1135 1684
1136 1171
1136 1249
1136 1376
1136 1829
1137 1725
1138 779
1138 849
1138 1120
1138 1530
1138 1681
1139 996
1140 1089
1140 1243
1140 1631
1141 677
1141 680
1141 1119
1141 1153
1142 640
1142 1123
1142 1222
1142 1385
1142 1452
1142 1458
1142 1598
1142 1842
1143 358
1143 828
1143 1281
1144 1146
1144 1253
1144 1368
1144 1442
1144 1604
1145 532
1145 880
1145 1185
1145 1387
1146 785
1146 1450
1146 1574
1146 1618
1146 1671
1146 1787
1146 1792
1147 1025
1148 500
1148 1577
1149 995
1149 1460
1149 1486
1150 1027
1150 1262
1150 1320
1150 1325
1150 1388
1150 1452
1150 1884
1151 361
1151 1429
1151 1641
1151 1781
1152 1361
1153 949
1153 1256
1153 1410
1153 1617
1153 1801
1154 306
1154 611
1154 940
1154 1116
1154 1517
1154 1611
1155 1182
1155 1391
1155 1611
1155 1809
1155 1895
1156 1341
1156 1740
1157 1557
1157 1596
1157 1797
1158 1875
1160 549
1160 868
1160 928
1160 1189
1161 29
1161 893
1161 944
1161 1165
1161 1301
1161 1880
1162 546
1162 798
1162 1247
1162 1435
1163 973
1163 1626
1164 736
1164 1230
1165 899
1165 1011
1165 1137
1165 1183
1165 1390
1165 1487
1165 1585
1165 1819
1166 830
1166 994
1166 1157
1166 1186
1166 1749
1167 848
1167 957
1167 1064
1167 1154
1167 1284
1168 178
1169 1441
1169 1445
1169 1498
1169 1693
1169 1861
1170 1249
1170 1471
1171 794
1172 1173
1172 1677
1173 511
1173 835
1173 1085
1173 1364
1174 1202
1175 882
1175 1002
1176 886
1176 1227
1176 1257
1177 345
1177 592
1177 747
1177 1529
1178 523
1178 1263
1178 1404
1178 1533
1178 1692
1178 1836
1179 969
1179 1216
1179 1267
1179 1348
1179 1535
1179 1840
1180 878
1180 1201
1180 1508
1180 1816
1181 962
1181 1024
1181 1312
1182 856
1182 991
1182 1403
1182 1658
1183 999
1183 1284
1183 1543
1183 1694
1183 1855
1184 758
1184 962
1184 1412
1184 1563
1185 1024
1186 967
1186 1311
1186 1314
1186 1444
1187 579
1187 813
1187 1447
1187 1737
1188 245
1188 568
1188 591
1189 415
1189 1279
1189 1556
1190 240
1190 1433
1190 1484
1190 1654
1191 1311
1192 1172
1193 524
1193 1052
1193 1249
1193 1544
1193 1728
1194 470
1194 1112
1194 1429
1194 1697
1195 490
1195 833
1195 1268
1195 1380
1195 1448
1195 1690
1195 1843
1196 1520
1196 1830
1197 1020
1197 1606
1197 1811
1197 1816
1198 1015
1199 1609
1199 1660
1199 1796
1200 626
1200 1159
1200 1393
1201 787
1201 1311
1201 1615
1201 1636
1202 1213
1202 1223
1202 1252
1202 1499
1204 722
1204 1233
1204 1251
1204 1287
1204 1683
1205 692
1205 1152
1206 972
1206 1001
1206 1097
1206 1276
1206 1626
1206 1639
1207 351
1207 1087
1207 1137
1207 1219
1207 1594
1208 785
1208 1086
1208 1544
1208 1865
1209 1598
1209 1842
1210 1317
1210 1562
1210 1753
1210 1798
1210 1841
1211 934
1211 1388
1211 1788
1211 1812
1212 887
1212 1086
1212 1441
1212 1816
1213 679
1214 493
1214 845
1214 1162
1214 1244
1214 1659
1215 665
1216 406
1216 959
1216 1237
1216 1417
1216 1703
1217 1275
1217 1378
1217 1394
1217 1750
1217 1896
1218 766
1218 1336
1218 1789
1219 522
1219 971
1219 994
1219 1571
1220 530
1220 952
1220 1048
1220 1322
1221 800
1222 539
1222 821
1222 1329
1222 1652
1223 777
1223 941
1223 1213
1223 1391
1223 1524
1223 1799
1224 821
1224 863
1224 1579
1225 826
1225 1357
1226 374
1226 1332
1226 1502
1227 969
1227 1666
1227 1708
1227 1760
1228 1283
1228 1587
1228 1599
1228 1822
1228 1879
1229 115
1229 1490
1230 637
1230 708
1230 976
1230 1098
1230 1843
1231 1129
1231 1315
1232 1695
1233 38
1233 546
1233 686
1233 689
1233 880
1233 967
1233 1358
1233 1410
1233 1658
1233 1758
1233 1803
1234 1126
1234 1394
1234 1822
1235 189
1235 977
1235 1047
1235 1234
1235 1399
1235 1458
1236 258
1236 1488
1237 1188
1238 559
1238 584
1238 1125
1238 1720
1239 1006
1239 1236
1240 361
1240 932
1240 1400
1241 372
1241 678
1241 1288
1241 1314
1241 1542
1241 1592
1242 1296
1242 1321
1242 1524
1242 1639
1242 1886
1243 926
1243 1581
1243 1798
1244 677
1244 903
1244 1293
1245 488
1245 822
1245 1130
1245 1434
1245 1471
1245 1857
1246 631
1246 1030
1246 1449
1247 474
1248 733
1248 1094
1248 1775
1249 1648
1249 1738
1250 627
1250 701
1250 737
1250 1475
1250 1615
1251 1364
1251 1719
1251 1741
1252 1637
1252 1681
1252 1763
1252 1780
1252 1805
1252 1845
1253 668
1253 1127
1253 1179
1253 1563
1254 762
1254 1582
1254 1608
1254 1639
1254 1684
1255 821
1255 1161
1255 1280
1255 1562
1255 1665
1255 1670
1256 1120
1256 1485
1256 1656
1258 1353
1258 1367
1258 1427
1258 1715
1258 1760
1259 1564
1259 1717
1260 856
1260 961
1260 1125
1260 1770
1261 1173
1261 1538
1261 1717
1262 1382
1263 968
1263 1502
1264 818
1264 952
1264 994
1264 1259
1265 1309
1265 1380
1265 1658
1265 1691
1265 1882
1266 685
1266 718
1266 762
1266 1278
1266 1577
1266 1592
1267 262
1267 490
1267 1693
1268 1057
1268 1129
1268 1194
1268 1481
1269 1106
1269 1636
1270 1087
1270 1597
1271 965
1272 1316
1272 1409
1272 1434
1273 671
1273 1253
1273 1448
1273 1520
1274 720
1274 1888
1275 917
1275 1202
1275 1434
1276 851
1276 1314
1276 1448
1276 1515
1276 1563
1276 1876
1277 1090
1277 1483
1279 996
1279 1574
1279 1730
1280 1435
1280 1457
1280 1554
1280 1597
1281 1712
1282 1159
1282 1353
1282 1430
1282 1553
1282 1678
1282 1694
1283 938
1283 1123
1284 1461
1285 1007
1285 1533
1285 1597
1286 1426
1286 1458
1286 1810
1287 1084
1287 1681
1287 1705
1288 221
1288 796
1288 1766
1288 1897
1290 1100
1290 1384
1291 1773
1292 354
1292 729
1292 1033
1292 1157
1292 1200
1292 1315
1292 1343
1292 1628
1292 1671
1292 1878
1293 644
1293 1137
1293 1382
1293 1688
1294 1078
1294 1854
1295 792
1295 893
1295 1200
1295 1384
1295 1515
1295 1609
1295 1757
1295 1850
1296 1268
1296 1447
1297 600
1298 900
1299 742
1299 1398
1299 1636
1299 1732
1300 1247
1300 1378
1300 1487
1300 1721
1301 1282
1302 475
1302 1125
1302 1209
1302 1391
1302 1487
1304 568
1304 1183
1304 1734
1305 1607
1305 1658
1307 963
1307 964
1307 1473
1308 1228
1309 156
1309 1784
1310 469
1310 1024
1310 1376
1310 1563
1310 1898
1311 721
1311 1168
1311 1232
1311 1405
1311 1421
1312 924
1312 982
1312 1062
1312 1281
1313 1285
1313 1357
1313 1846
1314 1068
1314 1261
1314 1638
1315 443
1315 916
1315 1460
1316 1218
1316 1271
1316 1610
1316 1641
1316 1642
1317 444
1317 1499
1317 1548
1318 597
1318 1200
1318 1243
1318 1728
1319 1252
1319 1384
1319 1387
1319 1521
1320 1888
1321 750
1321 1333
1321 1348
1321 1688
1321 1721
1322 513
1322 1423
1322 1741
1322 1824
1322 1865
1323 1428
1323 1517
1323 1709
1323 1889
1324 754
1324 808
1324 928
1324 1271
1324 1548
1324 1605
1324 1638
1324 1718
1324 1734
1324 1831
1324 1849
1325 1262
1325 1534
1326 659
1326 782
1326 1196
1326 1466
1326 1621
1327 1796
1327 1831
1328 1034
1328 1115
1329 401
1329 1155
1329 1587
1329 1641
1330 67
1330 820
1330 1346
1330 1368
1330 1396
1330 1472
1330 1491
1330 1671
1331 1179
1331 1282
1331 1695
1331 1840
1332 989
1332 1062
1332 1593
1332 1618
1332 1829
1333 1360
1333 1578
1333 1898
1334 1314
1334 1525
1334 1574
1334 1736
1336 1608
1336 1854
1337 474
1337 1014
1337 1897
1338 722
1338 1017
1338 1144
1338 1217
1338 1378
1338 1567
1339 279
1339 863
1339 1051
1339 1157
1339 1599
1339 1735
1340 654
1340 1418
1340 1507
1340 1737
1340 1861
1341 865
1341 1680
1342 859
1342 971
1343 1288
1343 1597
1343 1620
1344 403
1344 765
1344 1403
1344 1827
1345 1049
1346 911
1346 1388
1347 511
1347 1127
1347 1241
1347 1434
1347 1547
1348 1159
1348 1216
1348 1333
1350 827
1350 1446
1351 1189
1351 1668
1352 1514
1352 1672
1353 1841
1353 1885
1354 1220
1354 1558
1354 1581
1354 1812
1355 1430
1355 1443
1355 1874
1356 946
1357 1035
1357 1384
1357 1823
1358 781
1359 775
1359 975
1359 1065
1359 1712
1360 972
1360 1083
1360 1099
1361 556
1361 950
1361 1755
1363 1534
1363 1852
1364 287
1364 691
1364 1442
1364 1660
1365 600
1365 1197
1366 1088
1366 1690
1366 1820
1367 825
1367 1547
1368 654
1368 1062
1368 1146
1368 1346
1368 1862
1369 1569
1369 1651
1369 1708
1369 1778
1370 1881
1371 1282
1371 1527
1371 1871
1372 315
1372 1395
1372 1524
1372 1530
1372 1727
1372 1745
1372 1807
1373 443
1373 979
1373 1127
1373 1735
1373 1749
1373 1753
1373 1841
1374 365
1374 475
1374 1028
1374 1509
1375 1310
1376 1061
1376 1445
1376 1452
1376 1555
1376 1738
1377 504
1377 1231
1378 967
1378 1052
1378 1192
1378 1275
1378 1496
1379 777
1379 807
1380 1268
1380 1740
1381 317
1381 1761
1382 696
1382 1102
1383 1387
1383 1711
1384 390
1384 428
1384 1841
1385 168
1385 1113
1385 1570
1386 988
1386 1204
1387 299
1387 1172
1387 1185
1387 1602
1388 1302
1389 588
1389 860
1389 1390
1389 1438
1389 1860
1391 1053
1391 1182
1391 1560
1391 1812
1392 576
1392 1319
1392 1788
1392 1843
1394 957
1394 1002
1394 1843
1395 254
1395 360
1395 1464
1395 1755
1395 1806
1396 1026
1396 1403
1396 1650
1397 1398
1397 1412
1397 1419
1397 1764
1397 1831
1397 1881
1398 1677
1399 837
1400 1250
1401 1664
1401 1808
1402 240
1402 658
1402 1345
1403 869
1403 1812
1404 1070
1404 1449
1404 1568
1405 289
1405 565
1405 1112
1405 1159
1405 1283
1406 767
1406 1390
1406 1692
1407 158
1407 1766
1407 1795
1408 891
1408 1456
1408 1545
1408 1563
1408 1602
1409 175
1409 1075
1409 1279
1409 1292
1409 1417
1409 1623
1409 1625
1410 1120
1411 800
1411 1177
1412 648
1412 826
1412 1443
1413 790
1415 771
1415 832
1415 1108
1416 1042
1416 1148
1416 1308
1418 629
1418 814
1418 1061
1418 1657
1419 554
1419 1080
1419 1167
1419 1192
1420 764
1420 1077
1420 1262
1420 1691
1420 1696
1420 1701
1421 1377
1421 1638
1421 1743
1422 1738
1422 1866
1423 1261
1423 1638
1424 1005
1424 1324
1425 533
1425 861
1425 1042
1425 1163
1426 1019
1426 1275
1427 659
1427 1038
1427 1202
1427 1353
1427 1813
1428 687
1428 726
1428 1165
1428 1697
1428 1819
1431 801
1432 1588
1432 1887
1433 654
1433 880
1433 1249
1434 1181
1435 423
1435 784
1435 832
1435 1128
1435 1831
1435 1845
1436 1478
1436 1527
1437 1126
1437 1740
1438 1233
1438 1876
1439 1510
1439 1538
1440 1558
1440 1561
1440 1749
1440 1894
1441 382
1441 756
1441 901
1441 1286
1443 1017
1444 422
1444 1311
1444 1655
1444 1688
1444 1791
1444 1797
1445 478
1445 1252
1446 985
1446 1166
1446 1820
1447 321
1447 1244
1447 1414
1448 786
1448 1294
1448 1707
1449 493
1450 1394
1451 1094
1451 1241
1451 1440
1451 1604
1451 1698
1452 654
1452 687
1452 1056
1452 1445
1453 781
1454 708
1454 1047
1454 1287
1455 1199
1455 1204
1455 1805
1456 1858
1457 1152
1457 1302
1457 1452
1458 1611
1459 1183
1459 1312
1459 1510
1459 1747
1459 1769
1459 1896
1460 1017
1460 1319
1460 1338
1460 1473
1460 1625
1461 621
1461 1163
1461 1203
1461 1232
1461 1247
1461 1315
1461 1616
1462 656
1462 701
1462 1450
1463 539
1463 668
1463 1525
1463 1537
1463 1577
1464 518
1465 973
1465 1104
1465 1260
1465 1455
1466 937
1466 1126
1466 1610
1467 1561
1467 1713
1467 1789
1468 701
1468 918
1468 1825
1469 911
1469 1617
1469 1761
1470 870
1470 1175
1470 1505
1470 1736
1471 1141
1471 1448
1471 1735
1472 938
1472 1693
1472 1782
1473 322
1473 810
1473 976
1473 1221
1474 452
1474 823
1474 914
1474 1162
1474 1686
1474 1703
1474 1721
1475 356
1475 932
1475 1799
1476 1032
1476 1191
1476 1442
1477 294
1477 862
1477 930
1477 942
1477 1390
1478 689
1478 877
1478 1164
1478 1314
1478 1629
1478 1639
1478 1747
1479 880
1479 1594
1479 1887
1480 1678
1481 1727
1482 464
1482 595
1483 1677
1483 1832
1484 865
1484 975
1484 1029
1484 1278
1484 1624
1485 368
1485 1602
1485 1670
1486 297
1486 662
1486 1385
1486 1563
1486 1606
1486 1736
1487 1215
1487 1391
1487 1742
1488 757
1488 871
1488 891
1488 1449
1488 1599
1488 1755
1488 1813
1489 529
1490 1651
1490 1873
1491 1396
1491 1823
1492 1818
1493 1365
1493 1737
1494 809
1494 905
1494 1210
1494 1291
1494 1639
1494 1642
1495 1183
1495 1895
1496 634
1496 1617
1496 1704
1496 1731
1496 1801
1497 931
1497 1724
1498 690
1498 762
1498 1005
1498 1513
1498 1592
1499 1252
1499 1306
1499 1688
1500 888
1500 915
1500 1588
1500 1707
1501 1369
1502 793
1502 1520
1502 1588
1503 439
1504 1447
1504 1618
1505 1295
1506 997
1506 1117
1506 1178
1506 1201
1506 1674
1506 1814
1507 495
1507 1039
1508 443
1508 1816
1509 713
1509 1428
1509 1720
1509 1891
1510 271
1511 214
1511 828
1511 1712
1512 447
1513 911
1513 927
1513 1413
1513 1873
1514 583
1514 894
1514 944
1514 1048
1514 1649
1514 1766
1515 941
1515 1125
1515 1314
1516 855
1516 948
1516 977
1516 1525
1517 985
1517 1152
1517 1238
1517 1287
1518 352
1518 1438
1518 1809
1519 1484
1520 1685
1520 1845
1521 709
1521 991
1521 1387
1521 1651
1521 1678
1521 1896
1522 58
1522 1011
1523 1184
1523 1295
1525 452
1525 1066
1525 1490
1526 580
1526 798
1526 998
1526 1000
1526 1643
1526 1847
1527 616
1527 879
1527 1074
1527 1382
1527 1478
1527 1767
1528 968
1528 1063
1528 1229
1528 1256
1528 1545
1528 1646
1529 1230
1531 878
1531 1054
1531 1532
1531 1619
1531 1627
1531 1807
1532 809
1533 554
1533 1121
1533 1263
1533 1535
1533 1799
1534 1116
1534 1331
1535 990
1536 128
1536 1047
1536 1796
1537 892
1537 1325
1537 1417
1538 413
1538 690
1538 828
1538 864
1538 1036
1538 1107
1538 1510
1538 1854
1539 1070
1539 1416
1540 1201
1540 1423
1540 1624
1540 1870
1540 1878
1541 186
1541 836
1542 808
1542 1044
1542 1073
1542 1261
1542 1594
1543 836
1543 978
1543 1138
1543 1596
1543 1679
1543 1879
1544 1459
1545 1456
1546 1523
1548 1815
1549 1375
1550 985
1550 1179
1550 1328
1550 1446
1551 806
1551 1123
1551 1244
1551 1272
1551 1637
1551 1798
1552 901
1552 1267
1552 1452
1552 1737
1553 1353
1553 1548
1553 1851
1554 1030
1554 1457
1554 1727
1555 734
1555 802
1555 1069
1555 1417
1555 1854
1556 1279
1556 1778
1557 1320
1558 706
1558 814
1558 857
1558 1018
1558 1195
1558 1247
1559 130
1559 842
1559 1552
1559 1591
1560 819
1562 726
1562 1392
1562 1459
1563 919
1563 1412
1564 104
1564 1096
1564 1843
1565 1475
1566 632
1566 865
1566 1062
1566 1859
1566 1873
1566 1888
1567 938
1567 1378
1567 1792
1568 1449
1568 1672
1569 506
1569 914
1569 975
1569 1040
1569 1346
1570 1107
1571 546
1571 956
1571 1094
1571 1443
1571 1585
1572 601
1572 1044
1572 1372
1573 1175
1573 1325
1573 1385
1574 1646
1574 1725
1574 1779
1575 298
1575 1153
1576 621
1576 1189
1576 1234
1576 1587
1577 1072
1577 1185
1577 1251
1577 1525
1578 634
1578 1348
1578 1360
1578 1792
1578 1829
1579 979
1579 1497
1579 1520
1580 327
1580 1655
1581 1421
1581 1443
1582 500
1582 1384
1583 168
1583 277
1583 529
1583 703
1583 914
1583 1563
1583 1812
1584 526
1585 1278
1585 1397
1585 1673
1586 1032
1586 1689
1587 507
1587 1002
1587 1237
1588 1226
1588 1577
1588 1834
1589 553
1589 1232
1589 1730
1590 1432
1590 1589
1590 1652
1590 1782
1590 1898
1591 1264
1591 1729
1592 1303
1592 1513
1593 1481
1593 1652
1593 1653
1594 1189
1595 659
1595 1005
1596 690
1596 1557
1597 1087
1597 1181
1597 1759
1598 761
1598 1111
1598 1458
1598 1527
1598 1779
1599 1832
1600 1144
1601 1451
1601 1459
1602 458
1602 1009
1602 1016
1602 1138
1602 1152
1603 347
1603 1484
1604 553
1604 560
1604 1442
1605 1255
1605 1328
1605 1829
1606 559
1606 1494
1607 129
1608 729
1608 1721
1609 956
1609 995
1609 1547
1609 1716
1610 1345
1610 1372
1611 667
1611 1369
1611 1418
1611 1634
1611 1652
1611 1731
1611 1772
1612 956
1612 1023
1612 1265
1612 1494
1613 372
1613 1276
1614 1009
1614 1629
1614 1884
1615 1447
1615 1647
1615 1822
1615 1867
1616 774
1616 1806
1617 889
1617 1123
1617 1306
1617 1410
1617 1725
1618 870
1618 1846
1618 1881
1619 1005
1619 1136
1619 1437
1620 1267
1621 628
1621 1010
1621 1399
1621 1466
1622 1634
1622 1636
1623 1417
1624 1513
1624 1720
1625 998
1625 1094
1625 1205
1626 599
1626 822
1627 1610
1627 1834
1628 909
1628 1090
1628 1435
1628 1728
1628 1772
1629 237
1629 811
1629 1269
1629 1435
1629 1664
1630 320
1630 1364
1630 1391
1631 1243
1632 1852
1633 612
1633 650
1633 1307
1633 1808
1633 1824
1633 1834
1634 564
1634 690
1634 763
1634 1110
1634 1691
1634 1891
1635 1554
1636 387
1636 677
1637 849
1637 878
1638 968
1639 775
1639 875
1639 1582
1639 1838
1640 1384
1641 691
1641 1414
1641 1605
1641 1877
1642 1230
1642 1778
1642 1804
1643 310
1643 1299
1643 1363
1644 897
1644 1238
1645 592
1645 1232
1645 1734
1645 1873
1646 1349
1646 1709
1647 756
1647 1088
1648 764
1648 1013
1648 1232
1648 1601
1649 300
1649 363
1649 450
1649 1268
1649 1794
1649 1874
1650 1126
1650 1641
1650 1690
1651 1171
1652 1128
1652 1260
1652 1408
1653 435
1653 482
1653 1206
1653 1440
1653 1652
1654 793
1654 887
1654 1105
1654 1484
1655 419
1655 739
1655 1167
1655 1239
1655 1256
1655 1559
1655 1659
1655 1690
1655 1813
1656 500
1656 1875
1657 1446
1657 1455
1658 937
1658 1607
1659 916
1659 1885
1659 1886
1660 1286
1661 1237
1661 1543
1661 1596
1662 302
1662 741
1662 1107
1663 323
1663 981
1663 1468
1664 1443
1665 312
1665 855
1665 1045
1665 1280
1666 634
1666 1401
1666 1848
1666 1861
1667 1268
1667 1329
1667 1847
1669 1167
1670 912
1670 1184
1670 1854
1671 1049
1672 1047
1672 1477
1672 1576
1672 1587
1672 1877
1673 1012
1673 1122
1673 1833
1674 1257
1674 1615
1675 954
1675 1118
1675 1140
1675 1556
1675 1577
1675 1643
1676 1164
1676 1209
1677 841
1677 1841
1678 667
1678 1071
1678 1075
1678 1535
1678 1585
1678 1676
1678 1772
1679 657
1679 787
1679 1370
1679 1592
1679 1865
1680 827
1680 1093
1680 1567
1681 1110
1681 1385
1681 1730
1681 1853
1682 1129
1682 1441
1683 1257
1683 1287
1683 1426
1683 1636
1683 1677
1683 1765
1684 1044
1684 1205
1684 1828
1684 1844
1685 1269
1685 1398
1686 90
1686 1613
1686 1706
1687 735
1687 1503
1687 1508
1688 848
1688 1623
1689 919
1689 1170
1689 1654
1690 334
1690 742
1690 1217
1690 1499
1690 1531
1690 1659
1691 672
1691 789
1691 1380
1691 1480
1691 1809
1692 1404
1692 1441
1693 543
1693 1575
1694 1134
1694 1678
1695 411
1696 1037
1696 1112
1696 1118
1696 1177
1696 1493
1696 1610
1696 1710
1696 1884
1697 1340
1697 1711
1698 1164
1698 1412
1698 1695
1699 520
1699 1169
1700 1510
1700 1632
1701 599
1701 1103
1701 1691
1702 938
1702 1078
1702 1160
1702 1379
1702 1492
1703 1091
1703 1417
1703 1584
1704 1220
1704 1548
1704 1617
1705 1681
1705 1716
1706 573
1706 934
1707 832
1707 839
1707 972
1707 979
1707 1042
1707 1396
1707 1588
1707 1620
1708 1114
1708 1666
1708 1741
1708 1864
1709 1267
1709 1428
1709 1464
1709 1792
1710 1114
1710 1298
1710 1558
1710 1775
1711 1018
1711 1387
1712 687
1712 944
1712 1863
1713 622
1713 738
1713 1326
1713 1378
1713 1695
1713 1779
1714 425
1714 588
1714 971
1715 818
1715 1818
1717 332
1717 1169
1717 1478
1718 817
1718 1271
1718 1548
1719 368
1719 1071
1719 1313
1720 768
1720 1204
1720 1327
1720 1670
1721 1083
1721 1487
1721 1522
1721 1657
1721 1686
1721 1888
1722 552
1722 881
1723 1306
1723 1536
1723 1585
1723 1790
1724 932
1724 1082
1724 1747
1725 1744
1726 725
1726 1003
1727 1183
1727 1233
1727 1434
1727 1530
1727 1532
1727 1746
1727 1819
1728 1544
1729 534
1729 622
1729 712
1729 1050
1729 1054
1729 1460
1730 1493
1730 1644
1731 150
1731 1278
1731 1297
1731 1853
1732 1013
1732 1081
1733 420
1733 1051
1733 1432
1733 1566
1733 1570
1733 1640
1733 1753
1734 1683
1735 271
1735 864
1735 1843
1736 1574
1736 1845
1737 383
1737 902
1737 1446
1737 1447
1738 1295
1738 1555
1739 1140
1739 1796
1740 1274
1740 1341
1740 1585
1741 987
1741 1381
1741 1719
1742 1084
1742 1185
1742 1868
1743 1638
1744 519
1744 1593
1745 385
1745 768
1745 1306
1746 347
1746 634
1746 883
1747 1510
1747 1639
1747 1864
1748 1171
1748 1567
1749 545
1749 1183
1749 1558
1749 1792
1750 897
1750 1096
1750 1394
1750 1593
1751 1011
1751 1263
1751 1637
1752 759
1753 1889
1754 1655
1755 837
1755 1412
1755 1701
1756 392
1756 1124
1757 201
1757 542
1757 1136
1757 1336
1757 1609
1758 444
1758 970
1758 1221
1758 1410
1759 823
1759 1424
1759 1679
1760 770
1760 1250
1761 1741
1762 591
1762 987
1762 1882
1763 126
1763 985
1763 1760
1763 1775
1764 240
1764 904
1764 1311
1764 1419
1764 1512
1765 654
1765 1422
1766 1469
1767 966
1767 1071
1767 1208
1767 1630
1768 1088
1768 1797
1768 1830
1769 601
1769 1228
1769 1343
1769 1635
1770 1319
1770 1432
1770 1540
1771 938
1771 1051
1771 1179
1772 313
1772 415
1772 612
1772 1082
1772 1322
1772 1446
1772 1470
1772 1634
1772 1773
1772 1840
1773 530
1773 548
1774 1011
1774 1203
1774 1574
1775 1076
1775 1129
1775 1887
1776 1579
1776 1822
1777 702
1777 978
1777 1356
1777 1453
1777 1861
1778 792
1779 1630
1780 1482
1780 1637
1780 1766
1780 1772
1780 1804
1780 1843
1781 623
1781 1335
1781 1701
1782 495
1782 991
1782 1036
1782 1429
1782 1622
1783 751
1783 1052
1784 664
1784 861
1784 997
1784 1372
1784 1406
1784 1804
1785 1029
1785 1044
1785 1659
1785 1873
1786 1426
1786 1431
1787 568
1787 1386
1787 1587
1787 1653
1787 1671
1788 505
1788 723
1788 885
1788 1267
1788 1425
1789 345
1789 1219
1789 1282
1789 1336
1789 1713
1789 1790
1790 1632
1791 869
1791 1223
1791 1781
1792 755
1792 1032
1792 1072
1793 640
1793 1072
1793 1304
1793 1816
1794 1305
1794 1884
1795 896
1795 1452
1795 1599
1795 1766
1796 193
1796 1289
1796 1460
1797 895
1797 1299
1797 1791
1798 1581
1798 1668
1798 1818
1799 829
1799 1151
1799 1168
1799 1216
1799 1524
1799 1535
1799 1564
1800 779
1800 1078
1801 620
1801 759
1801 953
1801 1137
1802 604
1802 1415
1802 1716
1803 786
1803 942
1803 1511
1804 1477
1804 1778
1805 670
1805 761
1805 1421
1806 1381
1806 1755
1807 1442
1807 1532
1807 1647
1807 1872
1808 700
1808 1397
1808 1429
1809 1184
1809 1188
1809 1259
1809 1827
1810 1618
1810 1698
1811 631
1811 988
1811 1048
1812 523
1812 1106
1812 1558
1812 1748
1813 1198
1813 1599
1814 1334
1814 1495
1814 1674
1815 842
1815 1119
1815 1216
1815 1237
1815 1255
1815 1508
1815 1896
1816 488
1816 955
1816 1120
1816 1616
1817 1174
1817 1443
1817 1725
1818 1551
1819 1487
1819 1506
1819 1697
1820 1284
1820 1467
1821 174
1821 989
1822 1107
1822 1283
1822 1394
1822 1722
1823 1324
1823 1384
1823 1621
1823 1751
1823 1849
1823 1888
1824 787
1824 1327
1824 1364
1824 1575
1824 1808
1825 703
1825 783
1826 1048
1826 1479
1827 654
1827 690
1827 1133
1828 444
1828 704
1828 1353
1829 440
1829 717
1829 950
1829 1227
1829 1249
1829 1330
1829 1618
1829 1850
1830 1069
1830 1352
1830 1431
1830 1609
1830 1637
1831 1348
1831 1398
1831 1796
1832 726
1832 1449
1832 1677
1832 1748
1833 924
1833 1156
1833 1889
1834 616
1834 651
1834 848
1834 1333
1834 1446
1835 1343
1835 1489
1836 1115
1838 415
1838 496
1838 1275
1838 1688
1838 1717
1839 1293
1840 1420
1840 1820
1841 286
1841 1749
1841 1753
1841 1878
1842 468
1842 950
1842 1222
1842 1829
1843 1010
1843 1061
1843 1393
1843 1690
1844 845
1844 1155
1844 1828
1845 1831
1846 1771
1847 1643
1847 1651
1848 364
1849 917
1849 1638
1850 1203
1851 898
1851 1254
1851 1490
1852 1058
1852 1375
1852 1510
1852 1527
1852 1612
1853 634
1853 933
1853 1178
1853 1366
1853 1466
1854 249
1854 1207
1854 1665
1855 1283
1855 1543
1855 1670
1855 1675
1855 1689
1856 678
1856 1355
1856 1717
1856 1802
1857 779
1857 789
1857 1016
1857 1302
1857 1383
1857 1434
1857 1648
1858 868
1858 1288
1859 993
1859 1528
1860 1065
1860 1391
1860 1837
1861 1498
1861 1715
1862 554
1862 1327
1862 1413
1863 363
1863 365
1863 748
1863 1274
1863 1594
1864 1186
1864 1273
1864 1520
1864 1622
1864 1632
1864 1676
1865 1362
1865 1419
1866 761
1866 820
1866 1285
1866 1302
1866 1565
1866 1877
1867 1276
1867 1286
1868 734
1868 879
1868 1583
1868 1628
1868 1833
1869 570
1869 662
1869 1636
1870 1045
1870 1046
1870 1057
1870 1524
1870 1746
1871 1494
1871 1836
1872 485
1873 609
1873 1651
1873 1824
1874 1028
1874 1274
1874 1368
1874 1443
1875 978
1875 1750
1876 283
1876 1608
1877 997
1877 1088
1877 1287
1878 396
1878 459
1878 676
1878 1022
1878 1315
1878 1793
1879 881
1879 1173
1879 1325
1880 803
1881 814
1881 1158
1882 389
1882 1309
1882 1482
1882 1889
1883 745
1883 1008
1883 1589
1884 776
1884 1038
1884 1502
1885 877
1885 1428
1885 1772
1885 1886
1885 1890
1886 330
1886 1430
1886 1524
1886 1696
1887 431
1887 711
1888 1088
1888 1873
1889 817
1889 1170
1889 1354
1889 1415
1889 1735
1890 511
1890 771
1890 1110
1890 1279
1890 1314
1890 1874
1891 1691
1891 1720
1891 1858
1892 130
1892 849
1892 1228
1893 780
1893 862
1893 1376
1893 1408
1893 1444
1893 1656
1893 1676
1894 761
1894 978
1894 988
1894 1561
1895 1443
1895 1624
1895 1642
1895 1809
1896 996
1897 822
1897 1228
1897 1428
1897 1556
1898 1413
1898 1459
