1899 2055
0 710 1049
1 190 732
1 1766 1780
2 302 1662
2 631 1096
2 639 1109
3 341 506
3 677 1244
3 976 1230
3 1171 1651
4 126 1763
5 819 972
5 1228 1897
5 1583 1868
6 315 1372
7 111 179
8 570 1869
8 1019 1041
8 1138 1602
8 1327 1824
9 158 1407
9 237 1629
9 363 1863
9 664 904
9 794 1171
10 361 1240
10 459 1878
10 658 1402
11 63 703
11 109 216
11 644 1293
11 1247 1461
12 458 830
12 1065 1359
13 1209 1676
14 156 1309
15 34 144
15 393 508
16 23 434
16 485 1872
16 767 1406
16 1536 1723
17 171 549
18 26 659
18 115 1229
18 157 367
18 205 955
18 654 1827
18 788 902
18 1346 1569
19 58 821
19 821 1125
19 1260 1465
19 1479 1826
20 38 1233
20 271 465
20 828 1143
21 262 1267
21 287 532
21 363 386
22 1062 1312
23 58 1522
23 300 1649
23 689 700
23 1442 1476
24 569 939
24 1082 1772
24 1668 1798
25 67 474
25 726 1428
26 29 1161
26 245 1188
26 410 819
26 1593 1744
27 173 874
27 985 1125
28 224 632
29 476 769
29 1002 1587
30 724 881
30 817 1718
31 78 706
31 130 1559
31 1256 1655
31 1271 1316
31 1422 1765
32 306 581
32 787 1824
32 860 1031
32 1186 1864
33 709 1521
33 1096 1750
33 1468 1663
34 905 1494
34 1000 1526
35 443 1315
35 1071 1719
36 190 1041
36 512 603
36 549 1160
37 173 196
37 368 1485
37 821 1224
37 837 1755
37 1076 1775
37 1232 1461
38 81 466
39 475 1374
39 553 1604
39 889 1617
39 911 1513
39 1012 1026
40 98 404
40 687 1712
41 382 679
41 382 1126
41 521 698
41 917 951
42 334 840
42 762 1254
43 126 319
43 174 1821
43 783 1825
44 194 957
44 272 299
44 342 412
44 1250 1760
45 703 1825
46 862 1477
47 130 1892
47 680 1141
47 805 1015
47 1218 1316
47 1540 1770
48 186 1541
48 221 1288
48 238 946
48 292 1124
48 703 868
48 1157 1166
49 57 561
49 905 1059
49 1111 1118
50 522 1219
50 735 1687
51 458 1000
51 524 1193
51 532 897
51 1183 1749
52 332 791
52 665 1215
52 976 977
52 1335 1781
52 1369 1501
53 384 1040
53 837 1399
53 888 1500
53 1093 1680
53 1512 1764
54 965 1271
54 1200 1292
55 1195 1558
55 1232 1645
56 197 620
56 494 1125
56 578 770
56 588 1389
56 1676 1864
57 199 227
57 1435 1628
58 103 831
58 356 1475
58 589 1038
59 193 1796
59 878 1531
59 1075 1678
59 1443 1581
60 379 404
60 541 740
60 591 954
60 616 1527
61 686 1233
61 1585 1678
62 579 1187
63 609 860
63 617 707
63 759 1801
63 779 1857
64 474 1337
64 539 1463
64 978 1875
65 1205 1625
65 1593 1750
66 67 1330
66 202 577
66 206 947
66 249 1854
66 814 1881
66 819 1560
67 384 530
67 472 1025
67 511 1890
67 650 1017
67 1061 1376
67 1159 1348
67 1429 1808
68 149 663
68 327 1580
68 728 897
68 1166 1446
69 576 1392
69 595 1482
69 1215 1487
69 1772 1780
70 91 924
70 320 1630
70 583 1514
70 1641 1650
71 255 675
71 588 1130
72 94 127
72 611 1154
72 1492 1702
73 556 1021
73 765 1344
73 996 1279
73 1160 1702
74 90 1686
74 141 570
74 241 473
74 424 778
75 140 702
75 295 675
75 654 1433
75 779 1126
76 1443 1895
77 175 1409
77 299 1387
77 334 1690
77 811 1629
77 1172 1192
78 168 1583
78 283 1876
78 298 1575
78 952 1220
78 1047 1672
79 650 1022
80 916 1659
80 1024 1181
80 1152 1205
80 1283 1855
81 564 1634
81 677 1141
81 1306 1723
82 580 1526
82 777 1223
82 848 1688
83 104 1564
84 374 1226
84 529 862
85 584 617
85 595 1084
85 623 1781
85 1528 1859
86 347 1746
86 1328 1605
87 273 1017
87 691 1641
87 717 1829
87 868 1858
87 1237 1815
88 389 1882
88 533 1425
88 706 819
88 845 1214
89 300 467
90 271 1735
90 403 1054
90 553 1124
91 221 1044
91 323 1663
91 1137 1293
91 1216 1799
92 289 1405
92 443 1373
92 452 586
92 701 1462
93 898 1851
94 1106 1812
94 1363 1643
95 211 701
95 298 882
95 1564 1799
96 458 1602
96 1005 1595
97 128 1536
97 419 1655
98 255 1034
99 277 1583
99 643 976
100 114 555
100 1068 1314
101 146 357
101 842 1017
101 877 1478
102 247 484
102 439 1503
102 711 997
102 942 1803
103 1506 1819
104 662 1486
104 734 1555
104 926 1243
104 1306 1499
104 1510 1700
104 1535 1678
105 421 1106
105 800 1411
106 374 950
107 270 411
107 631 1074
108 193 361
108 877 1885
109 1002 1175
110 150 1731
111 1177 1696
112 689 1478
113 162 514
113 468 976
113 789 1857
113 1009 1614
114 277 728
114 1670 1720
115 312 1665
116 178 1168
116 483 649
116 489 1116
116 659 1595
116 881 1879
116 966 1125
116 1268 1649
116 1620 1707
117 392 1756
117 495 1507
117 872 1098
117 1084 1287
118 133 1024
118 185 1089
118 530 1773
118 1495 1814
119 337 829
119 1022 1878
119 1375 1549
120 260 892
120 1112 1194
120 1123 1283
121 547 1002
121 640 1793
122 401 1329
122 650 1633
123 1171 1748
124 196 616
124 287 1364
124 761 1866
125 1594 1863
125 1716 1802
126 129 1607
126 475 1050
126 798 1526
126 938 1283
126 991 1182
126 1543 1661
128 554 1419
128 1379 1702
129 306 1154
129 599 790
129 705 862
130 239 439
130 753 781
130 1094 1451
131 504 1377
131 690 1498
131 754 1324
131 849 1637
131 1137 1801
132 950 1829
132 1173 1261
133 430 758
133 551 1047
133 865 1096
133 911 1346
133 1194 1268
133 1217 1690
134 360 1395
134 601 1572
135 198 927
135 588 1714
136 177 957
136 223 960
136 1157 1292
137 341 355
137 543 1693
138 286 1841
138 358 1143
138 883 1746
138 1156 1833
139 332 1717
139 1232 1311
139 1397 1585
140 231 679
140 749 946
140 1152 1602
140 1228 1308
141 412 596
141 568 1304
141 1247 1300
142 280 788
142 294 915
142 570 932
143 240 1190
143 741 1085
144 824 826
144 1178 1853
144 1188 1237
145 950 1001
145 977 1235
145 1352 1830
146 321 1447
146 793 1654
146 924 1312
146 1170 1889
147 273 484
147 911 1469
147 926 1055
148 382 859
148 584 1062
148 1781 1791
149 360 507
149 426 1066
151 155 1099
151 345 1789
151 490 1195
151 570 816
151 849 1138
152 1489 1835
153 600 1365
153 688 861
154 294 1477
155 676 1878
155 726 874
155 796 913
155 1107 1570
156 306 660
156 525 865
157 201 1757
157 470 1194
157 612 1772
157 814 1418
157 1048 1826
158 214 1511
158 215 513
158 434 856
158 761 1805
158 982 1312
159 497 499
160 764 1420
160 816 892
160 1159 1405
160 1284 1820
160 1651 1847
161 168 1385
161 278 333
161 1184 1523
162 254 1395
162 257 682
163 636 1013
163 937 1658
163 1083 1360
164 792 1778
164 880 1479
164 903 1099
164 1624 1895
165 700 1808
166 258 1236
167 800 1221
168 293 317
168 823 1474
168 1442 1807
169 832 1435
170 189 1235
170 739 1655
171 559 1238
171 946 1012
172 733 1248
173 240 1764
173 1432 1770
174 390 1384
174 1231 1377
174 1434 1727
175 364 1848
175 827 1680
175 1267 1788
175 1325 1537
176 1648 1857
177 975 1569
177 1106 1269
177 1384 1640
178 979 1041
178 1204 1386
179 250 471
179 397 530
179 500 1582
179 1066 1525
179 1110 1890
179 1297 1731
180 340 424
180 814 1558
181 677 1113
182 747 1177
183 894 1514
183 968 1263
183 1609 1830
184 244 323
184 930 1477
184 1116 1154
184 1128 1435
184 1272 1551
185 725 900
185 1307 1633
185 1327 1720
185 1523 1546
187 914 1569
187 1637 1830
187 1874 1890
188 505 1788
188 909 1093
188 1118 1675
189 259 344
189 1002 1394
189 1345 1402
190 230 429
190 313 1772
190 352 1518
190 428 1384
190 659 1427
190 708 1454
190 893 1161
190 956 1612
190 1008 1883
191 1282 1301
192 591 1762
192 777 852
192 1062 1368
193 288 1100
193 621 1461
193 1018 1558
193 1623 1688
194 365 1863
194 1103 1701
194 1356 1777
194 1612 1852
195 1138 1543
195 1261 1542
196 773 797
196 1824 1873
197 480 940
197 701 1250
197 751 1783
198 253 1036
198 1312 1459
198 1345 1610
199 243 324
199 917 1275
199 1048 1811
199 1232 1648
200 242 992
200 1072 1792
201 411 1695
201 1088 1877
202 413 1017
202 413 1538
202 498 826
203 240 1402
203 500 1148
204 382 1441
204 1333 1834
205 1162 1474
205 1282 1331
206 265 1030
206 591 1188
206 822 1897
207 208 1099
207 217 1130
207 279 1339
207 721 1006
207 835 1173
207 898 909
208 612 1633
208 657 1042
209 809 1532
210 255 858
210 627 1250
210 1477 1804
211 447 1512
211 667 1611
212 786 1448
212 1115 1328
213 1574 1774
214 1015 1198
218 1030 1554
219 756 1647
220 297 1486
220 330 1886
220 644 1075
220 1032 1792
220 1155 1329
221 718 1266
222 223 302
222 1112 1696
223 890 907
223 1286 1660
224 568 1188
224 766 986
225 690 1027
225 1029 1785
225 1036 1782
226 271 1510
227 286 948
227 430 871
228 298 446
228 1078 1702
228 1183 1304
228 1299 1797
229 459 738
229 488 846
229 706 1558
229 1524 1870
230 582 677
230 689 1233
230 737 1030
230 1261 1423
231 235 425
231 1255 1605
232 857 1558
233 702 1777
234 447 765
234 600 1297
234 813 1021
234 1127 1347
235 368 1719
235 371 664
235 399 1043
235 1128 1652
235 1329 1667
236 534 1729
236 691 1364
236 820 1866
236 1011 1522
237 513 975
239 784 963
239 1033 1082
240 598 847
240 1276 1613
241 577 666
241 688 731
242 632 1566
242 1019 1426
242 1203 1461
243 519 1744
243 729 1608
243 849 1892
244 750 1321
244 914 1474
245 401 835
245 520 761
245 632 938
245 1210 1494
246 968 1528
246 1054 1123
247 433 1063
248 361 1151
248 457 675
248 745 1883
248 1047 1536
248 1081 1732
248 1443 1571
249 803 1880
249 1179 1771
250 545 726
250 665 859
250 865 1566
250 957 1167
251 515 577
251 1370 1679
252 308 1129
252 345 1177
252 405 491
252 649 781
252 822 1626
252 1087 1207
252 1665 1854
254 406 1216
254 971 1342
254 977 1516
254 979 1579
254 1069 1830
254 1295 1523
255 336 685
256 967 1186
257 409 1000
257 620 1801
257 634 1578
258 310 1643
258 826 1412
258 1589 1883
258 1833 1868
259 490 1267
259 812 936
259 1717 1838
260 344 772
260 562 996
261 599 1701
261 1006 1239
262 987 1741
262 1088 1647
263 601 1075
263 654 1368
264 687 1452
264 907 1031
264 972 1360
264 994 1219
264 1042 1425
265 266 739
265 641 665
265 963 1307
265 1459 1601
266 277 1583
266 496 1838
266 1364 1630
267 592 796
267 817 1889
268 1113 1385
269 493 866
269 1062 1566
269 1271 1324
270 737 1250
270 782 1326
271 492 563
271 559 1606
271 827 1350
273 755 1792
273 1045 1665
274 367 725
274 506 1569
274 886 1176
275 553 1589
275 690 1827
276 464 1482
276 529 1489
276 1460 1729
277 500 1656
277 662 1869
277 790 1027
277 1111 1598
277 1421 1581
278 601 911
278 823 1759
279 304 1000
279 341 511
279 766 1218
280 365 451
280 373 673
280 810 1473
280 937 1466
280 1670 1855
281 354 1292
281 842 1559
282 419 1102
282 1204 1720
283 386 784
283 462 480
283 704 922
283 806 996
284 985 1763
284 1608 1876
285 383 1737
286 617 1019
286 763 1634
287 321 1099
287 1278 1484
288 656 908
289 415 1772
289 623 998
289 1061 1418
289 1247 1558
290 569 1135
290 904 1764
291 408 435
291 679 1213
291 1559 1655
292 401 526
292 675 825
292 790 1413
292 882 1026
293 365 627
293 1508 1687
294 1049 1671
294 1446 1834
295 444 1317
295 785 1146
296 813 950
296 1440 1451
297 546 1571
298 365 1374
298 424 749
299 396 1878
299 754 1396
299 821 1255
300 913 975
300 1205 1684
300 1220 1704
301 429 802
301 464 745
301 526 1584
301 626 1200
301 1275 1426
302 1165 1428
302 1221 1473
303 457 1029
303 1252 1319
304 671 921
304 811 832
304 1622 1864
305 654 969
305 667 1678
305 914 1583
305 1221 1758
305 1676 1893
306 459 583
306 560 1604
306 797 996
306 997 1877
307 604 1802
307 636 908
307 762 1266
308 809 863
309 322 1473
309 423 1435
309 678 1856
309 1086 1212
310 440 1829
310 489 625
310 865 1341
310 1024 1310
311 553 1080
312 1044 1785
312 1632 1790
313 1269 1629
313 1548 1553
314 317 1381
314 1048 1220
314 1443 1581
315 372 1241
315 800 824
315 1459 1544
316 1259 1264
317 503 516
318 528 531
318 933 1853
318 1415 1889
318 1698 1810
319 554 1862
319 622 681
319 1048 1514
319 1203 1850
319 1391 1860
320 721 1311
320 1637 1751
321 435 1653
321 518 1464
321 634 1746
321 681 978
322 994 1166
322 1051 1733
322 1622 1782
323 347 1603
323 355 492
323 529 1583
323 799 1132
324 383 481
324 678 1241
324 685 1266
324 1062 1332
325 363 1649
326 560 836
326 609 1873
326 808 1542
326 985 1517
326 1007 1285
327 400 712
327 601 916
328 487 842
329 631 1811
329 758 1184
329 1032 1476
329 1556 1897
330 452 1474
330 1017 1338
330 1334 1814
330 1413 1513
330 1478 1717
331 372 1613
331 938 1567
331 956 1609
331 1251 1577
332 403 1344
332 1257 1683
333 1058 1852
333 1319 1770
334 631 1070
334 1268 1667
335 822 1245
335 1185 1577
336 389 433
336 556 1361
337 351 1207
337 475 1302
337 729 1292
337 793 1502
337 1067 1123
337 1219 1789
338 845 1844
338 967 1233
338 1683 1734
339 584 1238
339 722 1204
340 482 1653
341 520 1699
341 635 750
341 1003 1726
342 544 955
342 787 854
342 949 956
342 1499 1690
342 1522 1721
343 495 1782
343 1179 1253
344 493 1449
344 1695 1713
344 1802 1856
345 545 1749
346 1381 1806
346 1628 1868
347 855 1516
348 622 1713
348 950 1361
348 1184 1670
348 1311 1764
349 367 1108
349 622 1729
349 685 1086
349 1227 1829
349 1303 1592
349 1701 1781
350 725 1726
350 798 1162
350 1446 1550
351 850 1016
352 726 1832
352 1291 1494
353 707 1072
353 1295 1505
354 488 1816
354 1229 1528
355 715 745
357 415 836
357 981 1663
358 807 1379
358 826 1225
358 972 1707
359 420 1733
359 425 1714
359 659 1326
359 668 786
359 1771 1846
361 1148 1416
362 415 1189
364 637 1230
364 1057 1870
364 1237 1587
365 690 1538
365 809 1494
365 813 1187
365 875 1639
365 1057 1268
365 1094 1248
365 1302 1857
366 385 1745
366 535 1072
366 1228 1892
367 656 925
367 806 986
367 1005 1424
367 1152 1517
368 1364 1824
369 543 1025
369 839 1707
370 558 854
370 1263 1751
371 477 769
372 757 1488
373 431 1887
373 738 1713
373 1054 1729
374 517 540
375 923 1027
376 894 1016
376 918 1468
376 1494 1871
377 1772 1885
378 402 921
378 832 1707
379 511 1347
379 1585 1723
380 513 1322
381 523 925
381 779 1800
381 1123 1142
382 387 1636
382 642 1134
382 1610 1696
384 654 1340
384 987 1762
386 1292 1409
386 1490 1525
387 657 1679
387 1366 1853
387 1385 1681
388 626 1029
388 649 712
389 415 1838
389 634 1666
391 601 1769
391 1169 1699
392 727 1017
392 940 1154
393 1065 1860
393 1748 1812
394 474 1247
394 694 1115
395 542 1757
395 687 1428
395 714 794
396 750 849
396 919 1689
396 988 1894
396 1701 1755
397 511 1091
397 895 946
397 1417 1555
398 1274 1863
399 493 1214
399 530 1220
400 523 1812
400 932 1475
401 633 829
401 1260 1652
402 1502 1884
403 696 1382
403 723 1788
404 759 1752
404 919 1563
405 452 1525
405 504 527
405 884 1045
406 1305 1794
407 422 1444
408 573 1706
408 1141 1471
408 1613 1686
410 978 1543
410 1413 1862
411 514 609
411 726 841
412 855 1665
412 1858 1891
413 1340 1697
413 1406 1784
414 708 1230
415 1091 1703
415 1163 1425
416 434 770
416 444 1758
416 469 1310
417 952 1264
417 1446 1737
418 450 1649
418 461 950
418 721 964
418 1336 1757
419 891 1488
419 1587 1787
420 761 1894
420 1169 1717
421 887 1125
421 1288 1343
421 1369 1611
423 444 1828
423 552 1722
424 973 1465
425 443 1508
425 592 1177
425 595 814
425 1390 1477
427 701 1468
427 1510 1852
429 710 1108
429 1381 1741
430 443 525
431 997 1784
431 1010 1621
432 832 1415
432 1189 1576
433 814 1107
433 855 905
433 1444 1893
435 1088 1366
435 1202 1427
435 1605 1641
436 1098 1230
437 593 1110
438 1233 1727
438 1482 1780
439 554 1533
439 1414 1641
440 1426 1786
441 1051 1339
441 1676 1678
442 488 1245
442 503 521
442 548 1773
443 1647 1807
444 505 1033
445 1105 1654
446 1459 1562
447 1099 1360
448 568 1787
448 668 1253
448 1238 1517
448 1325 1879
449 946 1356
449 1052 1193
450 801 1431
451 1689 1855
452 552 794
453 509 1042
453 915 1500
454 720 1274
455 1432 1733
456 628 639
457 1567 1748
458 726 1562
458 742 1690
459 468 1842
459 1107 1538
460 623 747
460 716 926
461 1011 1751
461 1136 1619
462 507 1587
462 692 1205
462 1287 1517
462 1450 1462
463 761 1598
463 828 1511
464 478 1445
464 523 1178
465 829 1799
466 532 1145
468 1343 1835
470 511 1173
470 1161 1255
471 619 945
471 1084 1742
472 1130 1245
473 1656 1893
475 678 981
475 1243 1318
476 1069 1555
477 985 1550
477 1045 1870
477 1286 1441
479 670 954
479 680 764
479 1162 1214
479 1319 1392
480 633 882
484 1513 1624
485 856 1260
486 634 1853
486 1511 1803
488 1063 1528
488 1126 1466
490 972 1206
490 1046 1870
490 1394 1450
491 972 1024
492 535 802
493 734 1868
493 781 1453
494 701 1032
494 944 1514
494 1630 1779
495 1551 1818
496 1577 1588
498 618 841
498 1653 1787
499 792 868
499 1047 1454
499 1223 1791
501 1164 1676
501 1271 1718
502 546 1162
503 690 1634
503 1532 1727
504 1183 1459
505 996 1139
506 779 1138
506 928 1160
506 975 1359
506 1587 1672
507 578 1073
507 1027 1126
508 1760 1763
509 539 1222
509 677 1636
509 820 1330
509 873 897
510 1328 1550
510 1829 1842
511 819 980
512 765 987
512 924 1061
513 547 628
514 1097 1206
515 616 1834
516 896 1795
516 1126 1437
516 1837 1860
517 887 895
517 1449 1488
518 887 1212
519 672 1691
519 771 1890
519 1267 1709
519 1330 1829
519 1746 1870
521 670 1805
521 859 885
521 970 1758
522 565 1405
522 595 676
523 828 1538
524 737 859
525 969 1179
525 1554 1635
526 1152 1457
529 634 1496
529 744 762
529 830 1166
530 1209 1302
531 818 1715
531 1741 1761
532 648 1412
532 882 1175
532 1226 1588
533 1452 1457
534 656 1462
534 1119 1815
536 599 1626
537 865 1484
538 770 1760
538 1056 1452
538 1640 1733
539 592 1645
539 938 1702
540 1123 1617
542 638 1014
544 546 1233
544 703 1583
544 1314 1478
547 1376 1893
548 990 1535
549 640 1142
549 711 1887
550 1563 1583
551 649 734
551 671 1273
551 677 1003
551 1552 1559
551 1748 1832
552 748 1101
552 1082 1724
552 1425 1788
553 631 1246
553 651 1834
554 956 992
554 1009 1602
557 898 1008
557 948 1516
557 979 1373
557 1072 1577
558 1140 1739
559 887 1654
559 1294 1448
560 597 1318
561 654 1452
561 1565 1866
562 1119 1141
562 1201 1540
564 1230 1642
564 1396 1707
565 621 1576
566 836 1541
566 988 1811
566 1408 1893
567 1679 1759
568 861 1425
568 1052 1378
569 1273 1864
570 589 599
570 690 1596
571 1278 1585
572 628 1621
572 1751 1823
573 1110 1681
573 1435 1629
574 838 887
575 672 943
576 616 637
576 1249 1433
579 1630 1767
580 1269 1685
582 668 1463
582 885 1788
584 1124 1756
584 1287 1454
585 1426 1683
587 784 1009
587 986 1078
587 1241 1451
588 917 1849
588 1207 1854
590 862 1893
591 792 1295
592 1144 1600
593 629 1418
593 756 1441
593 762 1498
594 1696 1886
595 891 1408
595 1044 1542
596 654 1765
596 1129 1231
597 649 923
597 1040 1569
597 1423 1540
598 771 1415
598 1047 1235
598 1140 1675
598 1167 1655
599 964 1307
599 1355 1856
600 1596 1661
601 1592 1679
602 741 1662
602 971 1219
604 1469 1766
605 859 953
605 869 1403
605 1037 1696
606 911 1066
607 615 657
607 1320 1557
608 938 1472
608 1158 1881
609 949 1153
609 1200 1318
609 1202 1275
610 781 1358
611 748 1863
611 1185 1742
611 1302 1866
613 1285 1313
613 1372 1610
614 994 1264
615 680 713
615 1134 1694
616 1267 1620
616 1302 1457
617 808 1324
621 1072 1793
623 742 1299
623 1399 1621
624 729 901
624 1121 1533
625 991 1782
625 1117 1506
625 1164 1478
625 1490 1851
626 823 902
626 864 1538
628 1493 1730
630 1173 1879
631 1075 1409
632 989 1332
633 1372 1572
634 1288 1858
634 1430 1886
634 1443 1664
635 684 977
637 1304 1793
638 1005 1498
638 1125 1515
639 1013 1732
639 1018 1711
641 1115 1836
642 1343 1769
643 789 866
643 1035 1357
644 730 1030
644 1480 1691
644 1508 1815
644 1527 1852
645 784 885
646 850 933
646 998 1625
647 830 875
648 1027 1150
649 1016 1602
649 1253 1273
650 844 898
651 916 1315
652 871 1488
653 664 1784
653 901 1441
654 785 1208
655 1023 1612
655 1083 1721
655 1579 1776
656 941 1037
657 1677 1683
658 787 1201
658 936 1058
658 1375 1852
658 1385 1486
660 787 1679
660 1090 1277
661 836 1543
661 1282 1789
662 932 1724
663 848 1167
664 733 738
664 895 1797
664 1033 1292
665 725 780
665 793 1082
665 1120 1410
666 767 1093
667 959 1216
668 1636 1683
669 955 1816
671 1547 1609
672 1200 1295
673 957 1394
673 1168 1311
674 944 1161
675 869 1791
675 1657 1721
676 1275 1838
678 924 1833
678 1365 1493
679 752 873
680 777 1379
680 1086 1208
681 784 1435
681 841 1677
681 998 1526
681 1102 1382
682 954 1675
682 966 1767
682 1306 1745
683 837 856
685 1216 1815
685 1327 1862
686 1621 1823
687 722 1338
687 909 1628
687 1036 1538
688 842 1815
688 1177 1411
688 1793 1878
690 1129 1775
690 1556 1675
691 704 1828
691 802 1555
691 881 1722
691 1655 1754
692 713 1509
692 1028 1374
693 712 1729
693 1192 1378
694 764 1648
694 796 1288
694 821 1222
694 961 1260
695 892 1537
695 1028 1874
695 1037 1111
697 900 1298
698 1007 1116
698 1020 1197
698 1094 1571
699 975 1484
699 1011 1774
699 1234 1235
699 1575 1693
700 932 1240
703 768 1720
703 771 1008
703 1632 1864
705 996 1896
705 1004 1050
708 1196 1326
708 1443 1817
709 788 1034
709 870 1618
709 1052 1783
710 776 1884
710 859 1342
711 780 1893
711 967 1378
712 803 1033
712 971 1022
712 1451 1601
715 1018 1029
716 1122 1673
718 1208 1767
718 1570 1733
719 962 1181
719 1618 1810
720 1239 1655
722 1424 1759
723 969 1227
723 1032 1586
724 768 1745
724 1050 1729
724 1151 1799
726 973 1163
726 1114 1710
727 1042 1707
728 927 1513
729 736 1164
729 1013 1648
729 1401 1666
730 1392 1562
731 774 1616
731 995 1149
731 1372 1784
731 1448 1471
732 989 1821
733 851 1276
734 868 1160
734 941 1223
734 1048 1130
736 1494 1606
738 1005 1619
738 1262 1420
738 1428 1509
739 1163 1461
740 878 1637
741 1024 1185
741 1077 1420
741 1087 1597
741 1116 1130
743 775 1639
743 938 1771
743 1289 1796
744 1391 1630
745 928 1324
745 1322 1772
745 1416 1539
746 1137 1207
746 1398 1685
747 902 1737
747 1167 1669
747 1181 1434
748 767 1109
748 1042 1416
751 1105 1113
752 1482 1882
753 1070 1539
754 879 1868
756 919 1063
756 997 1506
757 899 1165
760 1108 1415
760 1610 1627
762 1310 1375
762 1393 1843
764 934 1211
764 1348 1578
765 903 1244
765 944 1712
766 988 1386
767 775 1359
768 1298 1710
768 1362 1865
768 1378 1713
771 1368 1874
772 962 1184
773 831 835
773 1010 1843
775 880 1433
775 956 1571
775 993 1859
776 978 1894
776 1044 1572
776 1088 1888
776 1386 1787
777 1073 1542
777 1255 1815
777 1326 1713
778 789 1691
778 825 1367
779 927 1045
780 1261 1314
781 810 1112
784 786 1803
784 1039 1507
784 1051 1771
786 818 1264
787 879 1527
788 1452 1552
789 1250 1400
791 1085 1173
791 1107 1662
791 1123 1551
792 1029 1484
792 1695 1698
793 1717 1856
795 864 1735
798 897 1644
798 1348 1831
799 870 1470
801 1038 1884
802 863 1224
803 1127 1373
804 851 1106
804 866 1135
804 966 1010
804 1191 1476
805 806 1551
805 1575 1824
808 1820 1840
809 1244 1551
810 1144 1338
810 1179 1550
812 912 1670
812 1136 1757
813 833 1195
813 865 953
815 897 1750
815 1314 1890
815 1459 1898
815 1654 1689
817 848 1834
818 942 1477
819 1281 1312
820 1198 1813
821 875 908
821 950 1842
822 1725 1817
823 1244 1447
824 1520 1579
825 979 1707
827 860 1389
827 878 1180
827 1085 1134
828 1137 1165
829 1078 1800
829 1184 1809
829 1722 1822
830 915 1012
833 863 1339
833 995 1609
833 1484 1519
834 1044 1684
834 1049 1345
835 880 1145
835 1183 1727
841 1017 1443
841 1120 1256
841 1497 1579
842 887 963
842 1153 1575
843 1635 1769
844 856 1182
844 880 1233
844 1042 1044
845 953 1801
846 991 1521
848 1493 1696
850 1038 1427
850 1090 1628
852 1201 1506
853 1071 1678
853 1125 1238
853 1168 1799
853 1548 1704
854 1412 1755
856 901 1552
856 1078 1294
856 1259 1809
857 1431 1786
857 1636 1869
857 1688 1838
858 861 1784
858 1349 1646
859 1415 1802
860 1256 1528
862 978 1777
863 934 1706
864 1446 1657
864 1481 1593
865 1112 1405
865 1431 1830
866 1088 1768
867 1279 1890
869 1025 1147
869 1644 1730
870 1276 1867
870 1382 1527
870 1441 1682
870 1584 1703
871 1026 1396
871 1054 1531
875 1125 1302
875 1428 1897
876 893 1295
877 904 949
878 1030 1246
880 1615 1674
881 1014 1337
881 1408 1652
882 1601 1648
883 928 930
883 1179 1331
885 1252 1445
885 1283 1405
888 1446 1772
889 968 1638
889 1302 1388
890 1199 1455
895 1274 1740
896 1585 1740
897 1278 1731
897 1418 1611
898 931 1497
899 1107 1822
903 1034 1328
903 1377 1421
903 1449 1832
904 1503 1687
905 1174 1817
905 1576 1672
906 944 1107
906 1154 1167
907 985 1446
907 999 1183
907 1053 1391
907 1279 1409
908 1265 1612
910 1217 1338
910 1531 1690
914 1220 1354
914 1232 1589
915 1016 1857
915 1234 1576
915 1484 1603
916 981 1058
916 1011 1165
918 970 1056
918 1464 1709
920 941 1515
921 1286 1867
924 1254 1851
925 976 1473
928 1192 1419
928 1412 1698
929 967 1186
932 1237 1661
932 1384 1582
935 1308 1416
936 966 1069
937 1599 1795
938 1385 1573
939 1120 1138
939 1129 1682
941 1437 1619
944 1110 1634
946 1299 1643
949 1267 1552
949 1715 1861
950 1183 1495
950 1466 1853
951 1118 1696
952 1116 1534
953 1390 1406
956 1527 1598
957 1017 1460
957 1175 1470
958 1228 1769
961 1172 1387
965 1104 1465
965 1338 1460
966 1440 1653
967 1159 1282
968 1114 1708
969 971 1714
969 1126 1650
973 1061 1843
974 1558 1710
975 1438 1518
976 1455 1657
976 1659 1785
977 1170 1689
980 1001 1206
981 1295 1738
982 1204 1455
982 1313 1719
983 1157 1339
983 1159 1200
983 1175 1573
984 1566 1733
986 1285 1866
989 1238 1644
990 1089 1140
991 1836 1871
992 1133 1827
994 1452 1795
996 1064 1167
998 1094 1625
1001 1189 1351
1002 1230 1529
1003 1085 1131
1003 1419 1865
1004 1071 1767
1004 1120 1816
1004 1129 1268
1006 1181 1597
1007 1642 1895
1008 1589 1590
1010 1012 1673
1010 1460 1796
1010 1632 1700
1011 1314 1334
1021 1096 1564
1021 1257 1674
1022 1178 1506
1023 1353 1828
1023 1414 1447
1025 1100 1290
1026 1750 1875
1028 1087 1270
1029 1074 1527
1032 1203 1774
1034 1441 1692
1035 1167 1419
1039 1447 1615
1039 1453 1777
1043 1102 1123
1044 1643 1675
1047 1675 1855
1049 1070 1404
1049 1413 1898
1051 1455 1465
1052 1233 1438
1053 1325 1573
1056 1616 1816
1060 1397 1808
1060 1467 1820
1065 1287 1877
1067 1447 1504
1069 1241 1347
1076 1268 1296
1079 1080 1419
1081 1264 1591
1084 1324 1823
1084 1417 1537
1085 1306 1617
1087 1282 1371
1087 1319 1460
1087 1735 1889
1091 1494 1612
1092 1125 1260
1092 1274 1874
1094 1429 1782
1095 1470 1772
1096 1189 1594
1096 1197 1365
1099 1236 1239
1100 1155 1844
1100 1432 1590
1102 1126 1234
1104 1127 1253
1104 1293 1839
1108 1477 1672
1109 1188 1809
1111 1420 1840
1113 1164 1698
1113 1206 1653
1114 1383 1857
1115 1331 1534
1116 1315 1461
1118 1354 1889
1121 1567 1680
1122 1475 1565
1126 1428 1885
1130 1324 1424
1131 1421 1805
1132 1577 1675
1136 1249 1829
1140 1243 1631
1142 1222 1842
1142 1458 1598
1144 1146 1368
1144 1442 1604
1145 1185 1387
1146 1671 1787
1150 1262 1325
1153 1410 1617
1155 1182 1391
1155 1809 1895
1156 1341 1740
1157 1557 1596
1165 1487 1819
1169 1498 1861
1178 1263 1533
1178 1404 1692
1179 1216 1348
1183 1543 1855
1184 1412 1563
1186 1311 1444
1187 1447 1737
1189 1279 1556
1190 1484 1654
1193 1544 1728
1195 1268 1380
1195 1690 1843
1202 1213 1223
1202 1252 1499
1204 1287 1683
1210 1753 1841
1216 1417 1703
1217 1275 1378
1217 1394 1750
1218 1336 1789
1223 1524 1799
1227 1666 1708
1228 1283 1822
1233 1410 1758
1234 1394 1822
1242 1524 1886
1243 1581 1798
1245 1434 1857
1251 1719 1741
1252 1637 1780
1254 1582 1639
1255 1280 1665
1258 1353 1427
1265 1309 1882
1265 1380 1691
1273 1520 1864
1276 1314 1515
1280 1457 1554
1282 1353 1553
1282 1678 1694
1287 1681 1705
1292 1315 1878
1295 1609 1757
1300 1487 1721
1302 1391 1487
1305 1607 1658
1319 1387 1521
1321 1333 1348
1323 1428 1709
1324 1548 1718
1324 1638 1849
1326 1466 1621
1327 1796 1831
1330 1346 1368
1330 1396 1491
1332 1618 1829
1333 1360 1578
1334 1574 1736
1338 1378 1567
1354 1558 1812
1355 1443 1874
1357 1384 1823
1372 1530 1727
1373 1749 1841
1376 1445 1452
1376 1555 1738
1383 1387 1711
1395 1755 1806
1397 1398 1831
1397 1419 1764
1404 1449 1568
1407 1766 1795
1408 1456 1545
1409 1417 1623
1420 1691 1701
1421 1638 1743
1428 1697 1819
1435 1831 1845
1436 1478 1527
1439 1510 1538
1440 1558 1749
1440 1561 1894
1444 1791 1797
1459 1510 1747
1463 1525 1577
1467 1713 1789
1474 1686 1721
1478 1639 1747
1483 1677 1832
1488 1599 1813
1490 1651 1873
1496 1617 1704
1498 1513 1592
1500 1588 1707
1506 1674 1814
1509 1720 1891
1526 1643 1847
1531 1532 1807
1533 1535 1799
1566 1873 1888
1593 1652 1653
1611 1634 1772
1633 1808 1824
1634 1691 1891
1642 1778 1804
1655 1659 1690
1684 1828 1844
